1.000000000 0.000000000 0.000000000 0.000000000 0.000000000 1.000000000 0.000000000 0.000000000 0.000000000 0.000000000 1.000000000 0.000000000
0.999991536 -0.002356232 -0.003378429 -0.003953317 0.002348623 0.999994695 -0.002254475 -0.003411037 0.003383723 0.002246521 0.999991775 0.666553199
0.999972045 -0.001046179 -0.007399912 -0.015641833 0.001020014 0.999993205 -0.003538746 -0.010877783 0.007403564 0.003531099 0.999966383 1.356092215
0.999933362 -0.001847223 -0.011396036 -0.027813416 0.001790654 0.999986053 -0.004972104 -0.009789790 0.011405061 0.004951366 0.999922693 2.090916395
0.999866486 -0.000371656 -0.016334962 -0.044602763 0.000276830 0.999983072 -0.005806966 -0.010117892 0.016336845 0.005801668 0.999849737 2.821326733
0.999788702 -0.001061094 -0.020529049 -0.066436402 0.000938359 0.999981642 -0.005987335 -0.020298515 0.020535024 0.005966806 0.999771357 3.559279203
0.999684751 0.000405057 -0.025104666 -0.088735670 -0.000591182 0.999972403 -0.007406991 -0.024895972 0.025100973 0.007419498 0.999657393 4.323290825
0.999545574 0.002983166 -0.029995417 -0.120890357 -0.003229405 0.999961436 -0.008164121 -0.030531134 0.029969906 0.008257278 0.999516666 5.090483189
0.999403059 0.003369648 -0.034381967 -0.153023317 -0.003587968 0.999973774 -0.006290124 -0.042407706 0.034359872 0.006409731 0.999388993 5.888621330
0.999241471 0.002666679 -0.038849946 -0.187549874 -0.002810630 0.999989390 -0.003651182 -0.048364893 0.038839795 0.003757605 0.999238372 6.687178612
0.999119222 0.002195663 -0.041904431 -0.232951283 -0.002224072 0.999997318 -0.000631342 -0.061677393 0.041902933 0.000723984 0.999121428 7.496401787
0.998991430 0.003818501 -0.044738028 -0.270893872 -0.003911543 0.999990344 -0.001992359 -0.063264392 0.044729993 0.002165345 0.998996794 8.317064285
0.998898327 0.003417717 -0.046802450 -0.317511231 -0.003522223 0.999991477 -0.002150635 -0.070010953 0.046794701 0.002313115 0.998901844 9.134249687
0.998812020 0.000982371 -0.048719011 -0.358528018 -0.001125172 0.999995172 -0.002903786 -0.075403035 0.048715923 0.002955153 0.998808324 9.964915276
0.998704016 0.000246873 -0.050893862 -0.396598548 -0.000348934 0.999997973 -0.001996510 -0.082840957 0.050893266 0.002011681 0.998702049 10.816542625
0.998624563 -0.001270363 -0.052415714 -0.442799211 0.001143929 0.999996364 -0.002442061 -0.089550860 0.052418627 0.002378743 0.998622358 11.663834572
0.998531997 0.001170848 -0.054152157 -0.498407066 -0.001421834 0.999988437 -0.004596540 -0.101494685 0.054146148 0.004666788 0.998522103 12.520503998
0.998447478 0.001199966 -0.055688106 -0.545510769 -0.001594384 0.999973953 -0.007038735 -0.114182279 0.055678207 0.007116595 0.998423398 13.394927025
0.998338461 0.005124177 -0.057393804 -0.606733203 -0.005631824 0.999946415 -0.008686707 -0.126270235 0.057346217 0.008995506 0.998313844 14.264740944
0.998269677 0.006360199 -0.058456536 -0.664113998 -0.006856264 0.999942124 -0.008289398 -0.139438555 0.058400430 0.008675848 0.998255551 15.159978867
0.998200238 0.005369877 -0.059727743 -0.719601750 -0.005791719 0.999959469 -0.006891869 -0.152414173 0.059688315 0.007225392 0.998190939 16.045186996
0.998135507 0.006077610 -0.060733452 -0.783979714 -0.006428305 0.999963760 -0.005580605 -0.162972733 0.060697336 0.005960613 0.998138428 16.937767029
0.998061717 0.005855480 -0.061955843 -0.841429114 -0.006208356 0.999965549 -0.005504625 -0.179553851 0.061921477 0.005878599 0.998063684 17.847129822
0.997943759 0.005483784 -0.063860245 -0.895848870 -0.005903515 0.999962211 -0.006385814 -0.189835370 0.063822813 0.006749684 0.997938395 18.749530792
0.997896850 0.004062323 -0.064694516 -0.960041165 -0.004520301 0.999965727 -0.006934284 -0.205177113 0.064664133 0.007212139 0.997880995 19.660505295
0.997849882 0.003782691 -0.065431274 -1.015049815 -0.004130339 0.999978065 -0.005178718 -0.219059318 0.065410249 0.005437837 0.997843623 20.576229095
0.997847557 0.005767477 -0.065322258 -1.084253192 -0.005916745 0.999980330 -0.002091875 -0.226288170 0.065308906 0.002473868 0.997862041 21.506778717
0.997906327 0.006683013 -0.064329475 -1.147579432 -0.006596560 0.999977052 0.001556214 -0.235451356 0.064338401 -0.001128603 0.997927487 22.437171936
0.998013973 0.005824451 -0.062723480 -1.209761500 -0.005544588 0.999973893 0.004635001 -0.245900929 0.062748842 -0.004278020 0.998020172 23.371704102
0.998098910 0.005340897 -0.061400894 -1.266747475 -0.004996281 0.999970913 0.005764717 -0.258342594 0.061429895 -0.005446982 0.998096526 24.313459396
0.998195231 0.005711828 -0.059780188 -1.331264377 -0.005549742 0.999980450 0.002877041 -0.263853788 0.059795454 -0.002540084 0.998207390 25.252532959
0.998249710 0.006270987 -0.058805969 -1.393039465 -0.006398032 0.999977589 -0.001972373 -0.271828204 0.058792282 0.002345163 0.998267472 26.187459946
0.998308361 0.005743740 -0.057857219 -1.444824576 -0.006025219 0.999970853 -0.004691800 -0.282576680 0.057828583 0.005032466 0.998313844 27.148067474
0.998359203 0.002933072 -0.057186496 -1.500577450 -0.003157255 0.999987662 -0.003830249 -0.290968657 0.057174560 0.004004517 0.998356164 28.107521057
0.998371840 0.001270703 -0.057026733 -1.563043118 -0.001196038 0.999998391 0.001343416 -0.305228770 0.057028346 -0.001273022 0.998371720 29.084793091
0.998318017 -0.002034661 -0.057940014 -1.610511661 0.002309934 0.999986351 0.004684427 -0.317783773 0.057929695 -0.004810386 0.998309076 30.051912308
0.998214424 -0.008760623 -0.059086081 -1.662289143 0.008991010 0.999952972 0.003634461 -0.321862102 0.059051462 -0.004159215 0.998246253 31.024658203
0.998092651 -0.011912525 -0.060573354 -1.713905811 0.011938748 0.999928713 0.000071008 -0.329307020 0.060568191 -0.000794043 0.998163760 31.998313904
0.998019814 -0.011674332 -0.061807089 -1.780392408 0.011460782 0.999927044 -0.003808491 -0.337515980 0.061847042 0.003092592 0.998080850 32.979873657
0.997877121 -0.010362959 -0.064295202 -1.841954827 0.010071610 0.999937475 -0.004853896 -0.344866514 0.064341486 0.004196036 0.997919142 33.969879150
0.997860968 -0.009708418 -0.064646892 -1.914034247 0.009515839 0.999949336 -0.003286183 -0.366414487 0.064675525 0.002663984 0.997902811 34.947620392
0.997824609 -0.006844022 -0.065568566 -1.992634892 0.006834218 0.999976575 -0.000373811 -0.379380196 0.065569587 -0.000075112 0.997847974 35.938228607
0.997720838 -0.006413582 -0.067171238 -2.055263996 0.006478617 0.999978721 0.000750415 -0.390452862 0.067165002 -0.001183881 0.997741163 36.936416626
0.997657239 -0.005375866 -0.068198815 -2.126454830 0.005617742 0.999978602 0.003355345 -0.400065601 0.068179317 -0.003730608 0.997666121 37.914836884
0.997653842 -0.004883460 -0.068285957 -2.184221745 0.005350878 0.999963462 0.006663772 -0.418287456 0.068250917 -0.007013527 0.997643530 38.914402008
0.997625828 0.001187050 -0.068857409 -2.262331963 -0.000577446 0.999960482 0.008872358 -0.423729479 0.068865225 -0.008811533 0.997587085 39.898605347
0.997623622 0.001725036 -0.068878002 -2.336368322 -0.001156219 0.999964893 0.008297342 -0.434211761 0.068889901 -0.008197986 0.997590601 40.873996735
0.997615755 0.001624468 -0.068994239 -2.402078629 -0.001182324 0.999978483 0.006448778 -0.432846248 0.069003232 -0.006351829 0.997596204 41.886829376
0.997611284 0.004028245 -0.068959735 -2.480354071 -0.003752859 0.999984443 0.004122514 -0.439567119 0.068975270 -0.003853871 0.997610927 42.874286652
0.997567594 0.003524792 -0.069616832 -2.558808088 -0.003216768 0.999984562 0.004536173 -0.451659262 0.069631740 -0.004301198 0.997563481 43.861625671
0.997463405 0.001180066 -0.071171224 -2.623214960 -0.000808274 0.999985874 0.005252487 -0.453527540 0.071176417 -0.005181637 0.997450292 44.866046906
0.997413337 0.001860920 -0.071855158 -2.700061798 -0.001418903 0.999979734 0.006202050 -0.463374972 0.071865246 -0.006084051 0.997395813 45.855812073
0.997391403 0.004447100 -0.072045550 -2.784177065 -0.004267268 0.999987364 0.002649819 -0.475553483 0.072056420 -0.002335469 0.997397840 46.830345154
0.997327805 0.005223391 -0.072869882 -2.868488073 -0.005357762 0.999984264 -0.001648636 -0.482566684 0.072860129 0.002034650 0.997340083 47.805324554
0.997267723 0.005763427 -0.073647060 -2.924560785 -0.005996865 0.999977648 -0.002948953 -0.485566735 0.073628426 0.003382547 0.997280002 48.755462646
0.997289121 0.004666436 -0.073434703 -3.004298687 -0.004621367 0.999989033 0.000783638 -0.501539767 0.073437557 -0.000442145 0.997299731 49.734535217
0.997306943 0.002715822 -0.073290206 -3.081840038 -0.002471752 0.999991119 0.003420688 -0.508378029 0.073298842 -0.003230321 0.997304797 50.699035645
0.997257650 0.000435013 -0.074006662 -3.145709753 -0.000088131 0.999988973 0.004690376 -0.524498522 0.074007884 -0.004670991 0.997246742 51.664981842
0.997251868 -0.002714128 -0.074035786 -3.220231295 0.002989209 0.999989033 0.003604971 -0.536342800 0.074025184 -0.003816373 0.997249067 52.615505219
0.997199953 -0.005142629 -0.074604236 -3.283005714 0.005316927 0.999983609 0.002137884 -0.545665860 0.074592017 -0.002528563 0.997210920 53.566631317
0.997118175 -0.006580042 -0.075578310 -3.354060411 0.006850736 0.999971032 0.003322940 -0.558642805 0.075554259 -0.003831131 0.997134328 54.509956360
0.997011602 -0.009341281 -0.076685347 -3.432135582 0.009910447 0.999926090 0.007044890 -0.561947882 0.076613866 -0.007783823 0.997030437 55.461566925
0.996923983 -0.010834105 -0.077621967 -3.492243052 0.011852933 0.999849379 0.012676827 -0.570784926 0.077472933 -0.013557881 0.996902287 56.409606934
0.996903956 -0.009021774 -0.078109294 -3.576020479 0.010186102 0.999842703 0.014520826 -0.568611205 0.077966005 -0.015271499 0.996839046 57.354400635
0.996778548 -0.007737968 -0.079829045 -3.647629499 0.008598113 0.999908566 0.010436731 -0.572568953 0.079740986 -0.011089489 0.996753931 58.291873932
0.996741354 -0.006209005 -0.080424711 -3.741576910 0.006452671 0.999975324 0.002770190 -0.577318609 0.080405526 -0.003280117 0.996756852 59.205657959
0.996642649 -0.004087297 -0.081772417 -3.812142372 0.003959684 0.999990702 -0.001722701 -0.595533311 0.081778698 0.001393124 0.996649563 60.125461578
0.996595979 0.000873336 -0.082435973 -3.901201248 -0.000967050 0.999998927 -0.001096886 -0.605233669 0.082434922 0.001172872 0.996595740 61.027324677
0.996481538 0.003784534 -0.083727233 -3.987676144 -0.003652249 0.999991834 0.001733058 -0.625148058 0.083733112 -0.001421167 0.996487200 61.926071167
0.996394694 0.006244139 -0.084608518 -4.063642979 -0.006009507 0.999977350 0.003027565 -0.639867485 0.084625512 -0.002508194 0.996409655 62.798652649
0.996280015 0.007292590 -0.085865691 -4.143203735 -0.007082275 0.999971151 0.002753727 -0.650564015 0.085883297 -0.002135359 0.996302903 63.665771484
0.996166766 0.009113682 -0.086998537 -4.230513096 -0.008833975 0.999954522 0.003599547 -0.660488367 0.087027386 -0.002817206 0.996201932 64.519149780
0.996017516 0.009993341 -0.088596061 -4.303061008 -0.009640139 0.999943793 0.004413646 -0.678843975 0.088635191 -0.003541990 0.996057868 65.349334717
0.995893002 0.009877746 -0.089997731 -4.379041195 -0.009477589 0.999943197 0.004872569 -0.688232601 0.090040751 -0.003999596 0.995930076 66.174346924
0.995787978 0.009317426 -0.091211148 -4.453665733 -0.008811492 0.999943495 0.005947979 -0.696349621 0.091261409 -0.005119219 0.995813787 66.976531982
0.995616376 0.012298715 -0.092719100 -4.531875134 -0.011558473 0.999896944 0.008516504 -0.702128768 0.092814289 -0.007407480 0.995655894 67.775077820
0.995487094 0.013765169 -0.093893588 -4.614337444 -0.012616578 0.999838293 0.012815608 -0.710627019 0.094054811 -0.011573156 0.995499730 68.563262939
0.995292783 0.016963044 -0.095417559 -4.699130058 -0.015655998 0.999773324 0.014430235 -0.714589000 0.095640711 -0.012868452 0.995332718 69.341110229
0.995131195 0.019741662 -0.096561484 -4.779776573 -0.018833641 0.999769509 0.010306062 -0.721540511 0.096742690 -0.008437281 0.995273650 70.082077026
0.994976938 0.019641899 -0.098158546 -4.852333069 -0.019414401 0.999806166 0.003272368 -0.734387517 0.098203793 -0.001350241 0.995165408 70.799179077
0.994844079 0.018755179 -0.099666804 -4.924924850 -0.019105829 0.999814153 -0.002564820 -0.741814792 0.099600181 0.004455813 0.995017588 71.504081726
0.994778156 0.019312186 -0.100216962 -4.993474960 -0.019800114 0.999796450 -0.003876249 -0.745715976 0.100121707 0.005840315 0.994958043 72.202163696
0.994657695 0.022239717 -0.100803986 -5.077752113 -0.022357991 0.999750018 -0.000043553 -0.762243330 0.100777820 0.002297095 0.994906306 72.868049622
0.994523346 0.022743262 -0.102009907 -5.154331207 -0.022639815 0.999741316 0.002171902 -0.776937366 0.102032915 0.000149478 0.994781017 73.525634766
0.994488835 0.019288765 -0.103052959 -5.215332031 -0.019497927 0.999809384 -0.001022618 -0.790790677 0.103013590 0.003026301 0.994675338 74.147552490
0.994575202 0.011136722 -0.103422344 -5.260149002 -0.011839858 0.999910772 -0.006187261 -0.805873156 0.103344209 0.007378201 0.994618297 74.760177612
0.994713306 0.006982048 -0.102453351 -5.316951752 -0.008158683 0.999905467 -0.011070036 -0.815133333 0.102366373 0.011847396 0.994676232 75.352905273
0.995011568 0.009384932 -0.099317044 -5.377044678 -0.010554069 0.999880970 -0.011252909 -0.828336418 0.099199615 0.012244973 0.994992197 75.931358337
0.995363832 0.014496291 -0.095082723 -5.441682339 -0.015331389 0.999849975 -0.008058187 -0.843222916 0.094951645 0.009478578 0.995436788 76.499412537
0.995813310 0.012947435 -0.090488859 -5.488782883 -0.013471555 0.999895811 -0.005183703 -0.852874339 0.090412311 0.006381026 0.995884001 77.053123474
0.996353805 0.009411148 -0.084796913 -5.524540424 -0.009524998 0.999954224 -0.000938141 -0.865139723 0.084784195 0.001742411 0.996397793 77.593139648
0.997060478 0.004710678 -0.076473877 -5.556999207 -0.004555200 0.999987185 0.002207391 -0.872756541 0.076483294 -0.001852549 0.997069120 78.123794556
0.997821808 0.008384300 -0.065431669 -5.597755432 -0.008257835 0.999963462 0.002202999 -0.886348605 0.065447748 -0.001657876 0.997854650 78.637176514
0.998627543 0.013939709 -0.050484803 -5.618960381 -0.013869889 0.999902308 0.001733098 -0.894951880 0.050504033 -0.001030501 0.998723328 79.136344910
0.999294519 0.019071836 -0.032352846 -5.633056164 -0.019007381 0.999816716 0.002298636 -0.901187599 0.032390755 -0.001682071 0.999473870 79.628601074
0.999792039 0.017584929 -0.010328089 -5.622271538 -0.017558072 0.999842227 0.002685426 -0.905881464 0.010373683 -0.002503526 0.999943078 80.113410950
0.999769568 0.013922770 0.016338138 -5.601101875 -0.013983588 0.999895692 0.003614110 -0.915044725 -0.016286114 -0.003841743 0.999859989 80.574333191
0.998857677 0.012861973 0.046021149 -5.559259415 -0.013110210 0.999901056 0.005096213 -0.924272478 -0.045951050 -0.005693738 0.998927474 81.028732300
0.996842623 0.012413518 0.078426674 -5.490319252 -0.012981994 0.999893010 0.006742798 -0.936399758 -0.078334577 -0.007739643 0.996897101 81.463119507
0.993212998 0.012339581 0.115653500 -5.409301758 -0.013197652 0.999890745 0.006656491 -0.937261641 -0.115558721 -0.008137668 0.993267298 81.901229858
0.987334490 0.012522713 0.158157587 -5.327764034 -0.013706179 0.999885619 0.006394273 -0.939436018 -0.158059433 -0.008481022 0.987393200 82.336174011
0.979122162 0.011913062 0.202923447 -5.210103035 -0.013482929 0.999888897 0.006355579 -0.949993432 -0.202825189 -0.008958890 0.979173958 82.745513916
0.967692792 0.014521086 0.251713783 -5.081421375 -0.016034504 0.999863565 0.003962315 -0.955347419 -0.251621902 -0.007870410 0.967793584 83.136840820
0.952333510 0.015692296 0.304654866 -4.923198223 -0.016736500 0.999859631 0.000816133 -0.963258386 -0.304599285 -0.005876088 0.952462435 83.521392822
0.932450473 0.014928094 0.360989302 -4.773913383 -0.016000040 0.999871969 -0.000019219 -0.987306178 -0.360943377 -0.005757922 0.932569981 83.838539124
0.908103704 0.015472672 0.418459475 -4.573607445 -0.016057974 0.999868810 -0.002122874 -0.992123723 -0.418437421 -0.004791821 0.908232987 84.192070007
0.879344344 0.015593488 0.475931078 -4.351277828 -0.015245886 0.999873221 -0.004591268 -0.995665669 -0.475942343 -0.003218685 0.879470587 84.512191772
0.845705748 0.014124550 0.533462524 -4.113713741 -0.012728904 0.999899149 -0.006295134 -1.008765340 -0.533497632 -0.001466562 0.845800281 84.821434021
0.808652401 0.014504643 0.588107944 -3.853136063 -0.011801085 0.999894798 -0.008434067 -1.012513280 -0.588168383 -0.000120084 0.808738470 85.113540649
0.768535018 0.012781111 0.639680088 -3.575634003 -0.010980296 0.999916673 -0.006786680 -1.031190991 -0.639713585 -0.001808075 0.768611312 85.389305115
0.726264477 0.012431300 0.687303007 -3.285470963 -0.012940440 0.999906540 -0.004411383 -1.041040659 -0.687293589 -0.005690172 0.726357460 85.627532959
0.682245374 0.011139426 0.731038451 -2.973642349 -0.011085823 0.999926567 -0.004890792 -1.042576790 -0.731039226 -0.004767443 0.682318807 85.837341309
0.636233091 0.009538553 0.771437883 -2.662267685 -0.007636323 0.999952435 -0.006066097 -1.055517197 -0.771459103 -0.002031498 0.636275709 86.019561768
0.589075446 0.006699415 0.808050275 -2.330562592 -0.001941160 0.999974489 -0.006875506 -1.065727472 -0.808075726 0.002481637 0.589073420 86.204849243
0.542657495 0.008480485 0.839911222 -1.996994019 -0.003767883 0.999963522 -0.007662125 -1.079202652 -0.839945614 0.000993222 0.542669654 86.369308472
0.495818853 0.011910205 0.868344367 -1.656826019 -0.006884099 0.999928415 -0.009784237 -1.078530312 -0.868398726 -0.001126560 0.495865345 86.525558472
0.450077176 0.013611123 0.892885864 -1.315715790 -0.007537553 0.999906123 -0.011443079 -1.092629671 -0.892957807 -0.001579906 0.450137556 86.664657593
0.406537414 0.011742704 0.913558602 -0.966156006 -0.000708228 0.999921143 -0.012537625 -1.095292330 -0.913633823 0.004450005 0.406513631 86.790557861
0.367870212 0.003133420 0.929871857 -0.591014862 0.014369413 0.999855757 -0.009053986 -1.111579657 -0.929766119 0.016692404 0.367772102 86.875579834
0.331605375 0.000030918 0.943418324 -0.243862152 0.017450079 0.999828696 -0.006166358 -1.118156195 -0.943256915 0.018507520 0.331548035 86.968231201
0.298247576 0.004071375 0.954479933 0.119579315 0.014847528 0.999850094 -0.008904331 -1.126028299 -0.954373121 0.016827364 0.298142433 87.063606262
0.267289042 0.011729522 0.963545024 0.492042542 0.004099270 0.999903023 -0.013309265 -1.140510321 -0.963607728 0.007507253 0.267215073 87.162925720
0.238984346 0.015761126 0.970895588 0.877231598 -0.000448327 0.999869943 -0.016121132 -1.160645247 -0.971023440 0.003417422 0.238960385 87.248626709
0.213338315 0.017235151 0.976826370 1.271865845 0.000526458 0.999842227 -0.017756222 -1.177953959 -0.976978302 0.004302340 0.213295579 87.316093445
0.189812660 0.018987224 0.981636822 1.673995972 0.007505834 0.999755681 -0.020789044 -1.187532187 -0.981791735 0.011314028 0.189623773 87.370635986
0.169722676 0.025009690 0.985174477 2.085105896 0.014392359 0.999508440 -0.027853040 -1.190562367 -0.985386789 0.018906277 0.169279277 87.412406921
0.149925947 0.032002766 0.988179266 2.508720398 0.016416961 0.999257624 -0.034852322 -1.188631535 -0.988561034 0.021448171 0.149289310 87.463241577
0.132260501 0.032748964 0.990673840 2.950897217 0.014369112 0.999285698 -0.034952004 -1.202181101 -0.991110861 0.018857874 0.131695449 87.518005371
0.116905510 0.028654171 0.992729604 3.404510498 0.012416680 0.999463379 -0.030310746 -1.222094059 -0.993065417 0.015869899 0.116487026 87.568717957
0.102577448 0.025333857 0.994402468 3.876670837 0.012452872 0.999564588 -0.026749948 -1.243314505 -0.994647205 0.015127109 0.102217257 87.608367920
0.089357555 0.023137121 0.995730937 4.361564636 0.015319591 0.999579966 -0.024601350 -1.257504463 -0.995881915 0.017452506 0.088965535 87.640373230
0.077844441 0.022273844 0.996716678 4.859153748 0.018734196 0.999541163 -0.023800122 -1.272504449 -0.996789455 0.020525392 0.077391446 87.664642334
0.067441761 0.022692692 0.997465074 5.370849609 0.022161637 0.999460578 -0.024236510 -1.290466785 -0.997477055 0.023740012 0.066902459 87.692924500
0.059744120 0.023144443 0.997945428 5.898719788 0.024333987 0.999400318 -0.024634993 -1.305726290 -0.997917116 0.025755787 0.059145093 87.717910767
0.054150462 0.023320779 0.998260438 6.451210022 0.026083920 0.999353051 -0.024761222 -1.324867368 -0.998192012 0.027379377 0.053507090 87.744094849
0.048396528 0.024728699 0.998522043 7.008338928 0.026823079 0.999300778 -0.026048049 -1.336528420 -0.998467982 0.028044071 0.047699392 87.769630432
0.042605162 0.025176084 0.998774767 7.587036133 0.027540056 0.999273002 -0.026363432 -1.352975845 -0.998712420 0.028629532 0.041880786 87.789703369
0.038364470 0.025084129 0.998948991 8.188323975 0.029644510 0.999216318 -0.026229337 -1.373039126 -0.998824060 0.030619629 0.037590802 87.806350708
0.035207093 0.025422169 0.999056697 8.806846619 0.031270053 0.999158919 -0.026526742 -1.390483141 -0.998890758 0.032174487 0.034382522 87.829734802
0.032063007 0.024891598 0.999175966 9.444808960 0.032206360 0.999144971 -0.025924319 -1.409876108 -0.998966932 0.033011034 0.031233966 87.850601196
0.029735088 0.024210330 0.999264717 10.101547241 0.034384973 0.999090135 -0.025229299 -1.430590749 -0.998966336 0.035109881 0.028875589 87.865066528
0.029189229 0.023899056 0.999288201 10.776390076 0.038959928 0.998927295 -0.025028445 -1.450393438 -0.998814404 0.039662756 0.028226793 87.876983643
0.030217528 0.023352316 0.999270678 11.462898254 0.042524792 0.998791873 -0.024627069 -1.472483993 -0.998638511 0.043237947 0.029187977 87.894073486
0.032401025 0.023535835 0.999197781 12.163513184 0.043838207 0.998727143 -0.024946293 -1.490102410 -0.998513103 0.044611327 0.031327963 87.915580750
0.036193073 0.023604464 0.999066114 12.887481689 0.046385337 0.998603821 -0.025273945 -1.510565639 -0.998267829 0.047256757 0.035047650 87.943161011
0.040761590 0.023080140 0.998902261 13.627334595 0.047001608 0.998582125 -0.024990706 -1.531638622 -0.998062730 0.047968674 0.039618969 87.972480774
0.044562936 0.021333016 0.998778939 14.376335144 0.048338875 0.998554885 -0.023484996 -1.554855108 -0.997836530 0.049326405 0.043467343 88.007232666
0.048365891 0.019843983 0.998632550 15.139495850 0.047921509 0.998605192 -0.022164378 -1.575291753 -0.997679472 0.048927978 0.047347486 88.050712585
0.052749634 0.017575298 0.998453259 15.923561096 0.045111615 0.998782456 -0.019964412 -1.600740790 -0.997588456 0.046094950 0.051892579 88.099746704
0.056402564 0.016554162 0.998270869 16.722061157 0.044131301 0.998843968 -0.019057097 -1.620930672 -0.997432351 0.045129862 0.055606782 88.154739380
0.060401857 0.017567769 0.998019576 17.520126343 0.041313611 0.998944342 -0.020084418 -1.642175674 -0.997318804 0.042444926 0.059612274 88.214759827
0.063354611 0.021505641 0.997759461 18.320236206 0.039008792 0.998950422 -0.024008255 -1.673171043 -0.997228563 0.040442422 0.062449217 88.272842407
0.064861834 0.026900679 0.997531712 19.134883881 0.033219106 0.999024332 -0.029100923 -1.698817968 -0.997341335 0.035024650 0.063904881 88.334960938
0.064676464 0.030021438 0.997454584 19.941772461 0.030458996 0.999022245 -0.032043632 -1.726787686 -0.997441351 0.032453936 0.063698828 88.389556885
0.064977467 0.029592890 0.997447968 20.754280090 0.028110921 0.999109209 -0.031473435 -1.759356380 -0.997490823 0.030084245 0.064087749 88.445739746
0.064809144 0.027950771 0.997506261 21.588016510 0.025255702 0.999241531 -0.029640293 -1.791786909 -0.997578144 0.027113685 0.064054072 88.518150330
0.064447105 0.026514458 0.997568965 22.406826019 0.026202360 0.999257326 -0.028252121 -1.825713754 -0.997577190 0.027959429 0.063704491 88.577758789
0.064809918 0.025822448 0.997563601 23.224330902 0.023827309 0.999340057 -0.027416458 -1.862680912 -0.997613251 0.025546115 0.064151883 88.639678955
0.064738154 0.026146898 0.997559667 24.035995483 0.021808239 0.999380827 -0.027609911 -1.898134947 -0.997663975 0.023542434 0.064127862 88.701454163
0.064834118 0.026723376 0.997538269 24.848773956 0.018884664 0.999429464 -0.028001437 -1.932601810 -0.997717440 0.020653624 0.064292431 88.761734009
0.063460827 0.027959514 0.997592628 25.656150818 0.016154539 0.999447703 -0.029039163 -1.966108799 -0.997853577 0.017958498 0.062974095 88.822761536
0.060907722 0.027796671 0.997756302 26.472309113 0.013068005 0.999504268 -0.028643101 -1.999601603 -0.998057902 0.014783272 0.060514271 88.871192932
0.057175279 0.026463950 0.998013437 27.282077789 0.010783157 0.999573946 -0.027123088 -2.031713963 -0.998305976 0.012312507 0.056865573 88.922286987
0.051635146 0.024357587 0.998369038 28.089832306 0.008447591 0.999656081 -0.024825897 -2.063275337 -0.998630404 0.009715705 0.051411629 88.977462769
0.046367884 0.022149278 0.998678863 28.906787872 0.006732396 0.999724507 -0.022485049 -2.092417717 -0.998901784 0.007766088 0.046205997 89.005187988
0.039067447 0.022343215 0.998986781 29.712871552 0.006519429 0.999723017 -0.022614637 -2.121738434 -0.999215364 0.007396320 0.038910985 89.037277222
0.030193150 0.023135534 0.999276221 30.514404297 0.006336576 0.999707580 -0.023336977 -2.152933121 -0.999523938 0.007036606 0.030037701 89.064285278
0.020190716 0.023792179 0.999513090 31.315032959 0.007157519 0.999687731 -0.023940926 -2.178592920 -0.999770582 0.007637418 0.020014107 89.076278687
0.010324061 0.022804901 0.999686658 32.112056732 0.009008133 0.999697208 -0.022898171 -2.207014561 -0.999906182 0.009241711 0.010115504 89.081222534
-0.000502706 0.021650586 0.999765635 32.908069611 0.007710359 0.999735951 -0.021646071 -2.238082886 -0.999970317 0.007697674 -0.000669479 89.082916260
-0.011420727 0.020648800 0.999721587 33.698089600 0.009356628 0.999745190 -0.020542400 -2.267737389 -0.999891043 0.009119416 -0.011610985 89.069198608
-0.022720695 0.021481905 0.999511063 34.475444794 0.009446493 0.999729097 -0.021271857 -2.290368557 -0.999697268 0.008958563 -0.022917509 89.054573059
-0.034026623 0.022133196 0.999175847 35.250801086 0.009511524 0.999716640 -0.021821266 -2.317110062 -0.999375701 0.008761182 -0.034227490 89.030296326
-0.044253945 0.023021782 0.998755217 36.022396088 0.008827225 0.999704421 -0.022652542 -2.347576618 -0.998981476 0.007813775 -0.044444084 88.986709595
-0.054771662 0.024206847 0.998205483 36.789047241 0.009441315 0.999673963 -0.023724414 -2.371552467 -0.998454332 0.008124948 -0.054982305 88.946121216
-0.064253688 0.024678523 0.997628450 37.541397095 0.010793404 0.999652863 -0.024033438 -2.406895161 -0.997875273 0.009223569 -0.064497828 88.894340515
-0.073927402 0.025365913 0.996941030 38.312450409 0.011071099 0.999635756 -0.024613511 -2.432933331 -0.997202218 0.009217621 -0.074181318 88.838439941
-0.083145857 0.025988366 0.996198535 39.053955078 0.011725715 0.999616206 -0.025098862 -2.460220575 -0.996468484 0.009594275 -0.083418727 88.775436401
-0.091878295 0.025147727 0.995452702 39.787986755 0.012903159 0.999627173 -0.024062252 -2.490384817 -0.995686650 0.010633687 -0.092168570 88.706558228
-0.099521995 0.024192758 0.994741321 40.520320892 0.014700484 0.999631047 -0.022840926 -2.518815994 -0.994926870 0.012350006 -0.099840879 88.634918213
-0.104359746 0.022582555 0.994283319 41.248775482 0.017836137 0.999623895 -0.020831781 -2.545034885 -0.994379818 0.015560177 -0.104723215 88.547058105
-0.107760787 0.020903623 0.993957222 41.953575134 0.021227865 0.999599397 -0.018720848 -2.571847439 -0.993950367 0.019082217 -0.108161330 88.456413269
-0.110624075 0.019708145 0.993667066 42.657379150 0.022608783 0.999594569 -0.017308701 -2.597441912 -0.993605316 0.020550845 -0.111024737 88.379837036
-0.112411022 0.018956251 0.993481040 43.341220856 0.022783250 0.999604344 -0.016495198 -2.619170189 -0.993400633 0.020780483 -0.112798333 88.305725098
-0.113291383 0.019127855 0.993377626 44.005931854 0.023300568 0.999590814 -0.016590141 -2.646820545 -0.993288517 0.021266744 -0.113690734 88.232452393
-0.112013102 0.020078955 0.993503928 44.651218414 0.024264110 0.999553025 -0.017465539 -2.668339252 -0.993410528 0.022150118 -0.112450242 88.155883789
-0.109072924 0.022137880 0.993787289 45.285175323 0.025759690 0.999479175 -0.019437427 -2.683393955 -0.993699968 0.023479555 -0.109586358 88.087844849
-0.104205012 0.022327105 0.994305193 45.904865265 0.024948211 0.999492049 -0.019828957 -2.711984158 -0.994242847 0.022739859 -0.104709148 88.030670166
-0.096179724 0.023002151 0.995098352 46.495437622 0.024458967 0.999485672 -0.020739531 -2.734491110 -0.995063603 0.022344356 -0.096692801 87.979766846
-0.085326314 0.023058055 0.996086180 47.075435638 0.022793038 0.999515712 -0.021184957 -2.756619692 -0.996092319 0.020896196 -0.085810542 87.942642212
-0.071535945 0.023011990 0.997172534 47.635959625 0.021857571 0.999529898 -0.021498356 -2.785187006 -0.997198522 0.020257864 -0.072005272 87.912521362
-0.054198146 0.024791684 0.998222470 48.189323425 0.021439910 0.999490142 -0.023659099 -2.803924561 -0.998300076 0.020119522 -0.054702044 87.890632629
-0.032827020 0.027477855 0.999083281 48.725170135 0.019324800 0.999452591 -0.026853053 -2.823720217 -0.999274254 0.018425578 -0.033340096 87.891204834
-0.008501053 0.030113945 0.999510467 49.236885071 0.017131096 0.999404132 -0.029965047 -2.854045868 -0.999817252 0.016867978 -0.009011865 87.909622192
0.019679368 0.031781383 0.999301136 49.764518738 0.015343034 0.999367356 -0.032085642 -2.878545284 -0.999688685 0.015963739 0.019179285 87.941970825
0.053212166 0.030859867 0.998106360 50.252449036 0.012011385 0.999430299 -0.031541169 -2.908829689 -0.998511076 0.013667014 0.052811146 87.975891113
0.091690719 0.028314373 0.995384872 50.758613586 0.011842589 0.999493957 -0.029522147 -2.931603193 -0.995717108 0.014494841 0.091309011 88.036911011
0.133724093 0.024889993 0.990706027 51.259597778 0.009833014 0.999602020 -0.026440738 -2.950514317 -0.990969837 0.013277389 0.133426130 88.131637573
0.178874612 0.020781640 0.983652472 51.736106873 0.007117045 0.999723434 -0.022415392 -2.967463493 -0.983846247 0.011010244 0.178677201 88.246688843
0.227821708 0.017773811 0.973540604 52.237007141 0.002828497 0.999817073 -0.018915441 -2.981349707 -0.973698735 0.007063004 0.227729738 88.385429382
0.279559314 0.016400686 0.959988356 52.697860718 -0.001136184 0.999859035 -0.016750976 -2.999287844 -0.960127771 0.003592168 0.279538512 88.555068970
0.334892869 0.015277296 0.942132354 53.148818970 -0.002336453 0.999878943 -0.015383174 -3.026640415 -0.942253351 0.002950468 0.334888041 88.739883423
0.390121639 0.016879385 0.920608580 53.564834595 -0.000387789 0.999834895 -0.018167669 -3.029531956 -0.920763254 0.006730599 0.390063763 88.977844238
0.451021910 0.020250022 0.892283201 53.984474182 0.000495226 0.999736726 -0.022938961 -3.044464111 -0.892512798 0.010787856 0.450893164 89.213394165
0.510771513 0.023029266 0.859408021 54.381713867 0.001322661 0.999618948 -0.027572548 -3.067187786 -0.859715521 0.015219979 0.510546446 89.485519409
0.569084167 0.028583517 0.821782351 54.741844177 -0.002678261 0.999454796 -0.032908689 -3.063934565 -0.822274923 0.016526867 0.568850398 89.777305603
0.624615014 0.030429352 0.780339837 55.070571899 -0.005824726 0.999394298 -0.034309044 -3.086518288 -0.780911148 0.016884679 0.624413908 90.098243713
0.678227127 0.031566508 0.734174073 55.395931244 -0.007926151 0.999333084 -0.035645124 -3.102862358 -0.734809637 0.018356318 0.678025007 90.436096191
0.726813555 0.028543914 0.686241508 55.687225342 -0.007938785 0.999418437 -0.033162232 -3.132751465 -0.686789036 0.018654836 0.726617455 90.800033569
0.770448804 0.028364409 0.636870682 55.925453186 -0.011964612 0.999477088 -0.030039789 -3.122193813 -0.637389719 0.015524210 0.770385265 91.193649292
0.810782373 0.025041420 0.584811866 56.149074554 -0.013512695 0.999618948 -0.024069322 -3.118978739 -0.585191786 0.011612597 0.810811758 91.603385925
0.848589003 0.020139847 0.528669178 56.384544373 -0.013652090 0.999776006 -0.016173296 -3.148356199 -0.528876483 0.006507041 0.848673880 92.007667542
0.879892468 0.016679039 0.474880099 56.574935913 -0.014265301 0.999860525 -0.008685946 -3.157441616 -0.474958718 0.000868391 0.880007625 92.440368652
0.905575931 0.017983263 0.423802763 56.745750427 -0.018342230 0.999826550 -0.003232310 -3.165640831 -0.423787385 -0.004846386 0.905748725 92.885612488
0.925474346 0.019512266 0.378307521 56.867408752 -0.021649174 0.999764681 0.001395906 -3.186761856 -0.378191233 -0.009481919 0.925678968 93.308731079
0.940155268 0.026185218 0.339738667 56.956085205 -0.029282205 0.999563217 0.003991419 -3.195140839 -0.339485765 -0.013700850 0.940511405 93.729354858
0.951872706 0.030000951 0.305021793 57.066070557 -0.032734584 0.999456644 0.003850568 -3.204486609 -0.304740548 -0.013650011 0.952337623 94.184082031
0.961419880 0.031100495 0.273321420 57.190906525 -0.033317741 0.999438763 0.003473184 -3.196586609 -0.273059994 -0.012445640 0.961916506 94.664260864
0.967516303 0.025989769 0.251469195 57.302326202 -0.027768757 0.999608159 0.003527827 -3.199595928 -0.251278967 -0.010396217 0.967858851 95.134704590
0.971545875 0.023173118 0.235715240 57.409233093 -0.024894862 0.999680698 0.004330567 -3.207865000 -0.235539615 -0.010075442 0.971812546 95.623062134
0.974358559 0.028051304 0.223245412 57.504219055 -0.029675175 0.999551892 0.003921808 -3.207731962 -0.223035365 -0.010446094 0.974754393 96.125152588
0.976356149 0.032885779 0.213652059 57.593410492 -0.034610800 0.999391437 0.004337424 -3.204155445 -0.213379398 -0.011629540 0.976900220 96.630897522
0.977312207 0.040313356 0.207931787 57.680027008 -0.041843362 0.999119818 0.002963278 -3.201349735 -0.207629308 -0.011596614 0.978138864 97.148902893
0.977605343 0.047097731 0.205108806 57.773097992 -0.048147690 0.998840213 0.000128369 -3.222253799 -0.204864874 -0.010001010 0.978739142 97.657051086
0.977721274 0.049022220 0.204102755 57.885265350 -0.049598385 0.998766601 -0.002294728 -3.231098413 -0.203963503 -0.007879562 0.978946805 98.194007874
0.977475107 0.046195526 0.205932960 58.017524719 -0.045943979 0.998925984 -0.006005901 -3.230737686 -0.205989227 -0.003590761 0.978547692 98.671455383
0.976718247 0.044896245 0.209775463 58.139568329 -0.043204464 0.998986244 -0.012642759 -3.234528303 -0.210130423 0.003285177 0.977667868 99.221397400
0.975799978 0.045024462 0.213979468 58.261219025 -0.042307172 0.998955488 -0.017263781 -3.241067171 -0.214533255 0.007793132 0.976685584 99.770828247
0.974461615 0.050319713 0.218843624 58.375007629 -0.047751568 0.998714387 -0.017011920 -3.251096725 -0.219418317 0.006127338 0.975611627 100.367019653
0.973031044 0.053351920 0.224419639 58.503765106 -0.051668145 0.998574793 -0.013373050 -3.257519007 -0.224813268 0.001417049 0.974400818 100.959686279
0.972206771 0.049705643 0.228786737 58.656692505 -0.049094811 0.998759091 -0.008364373 -3.271232367 -0.228918597 -0.003100342 0.973440647 101.544410706
0.971510231 0.045520738 0.232584998 58.809188843 -0.046121377 0.998931766 -0.002857983 -3.281170845 -0.232466638 -0.007950579 0.972571850 102.160133362
0.970729828 0.042970341 0.236298844 58.963947296 -0.044669006 0.999000132 0.001837336 -3.289265633 -0.235983625 -0.012338790 0.971678674 102.787658691
0.970230401 0.038142346 0.239161268 59.128025055 -0.039951637 0.999197900 0.002720102 -3.298568010 -0.238865688 -0.012194009 0.970976055 103.414726257
0.970279694 0.034450963 0.239521265 59.287101746 -0.035266630 0.999377549 -0.000881032 -3.300344944 -0.239402533 -0.007592259 0.970890701 104.064697266
0.970382392 0.034412771 0.239110306 59.444953918 -0.033527073 0.999407589 -0.007771741 -3.309385538 -0.239236116 -0.000475108 0.970961332 104.704788208
0.970493436 0.036591467 0.238334924 59.601234436 -0.034116831 0.999312639 -0.014501248 -3.317046165 -0.238701731 0.005942134 0.971074760 105.365852356
0.971067905 0.039396871 0.235531345 59.758052826 -0.036097974 0.999180615 -0.018303318 -3.324411869 -0.236059457 0.009271561 0.971694410 106.042655945
0.971652031 0.037946496 0.233350292 59.914825439 -0.035675000 0.999266088 -0.013948811 -3.334080219 -0.233708337 0.005228620 0.972292721 106.735054016
0.972152531 0.033868823 0.231888682 60.089336395 -0.033377126 0.999424577 -0.006044599 -3.350279093 -0.231959969 -0.001863505 0.972723544 107.424201965
0.972774267 0.034572788 0.229161352 60.257652283 -0.035454642 0.999371231 -0.000269189 -3.359929800 -0.229026586 -0.007862972 0.973388433 108.144393921
0.973014832 0.037555400 0.227665856 60.414585114 -0.038416646 0.999261618 -0.000648769 -3.375705481 -0.227522120 -0.008114896 0.973739088 108.871643066
0.973255217 0.043453719 0.225579426 60.570835114 -0.043306101 0.999046147 -0.005605032 -3.378527641 -0.225607812 -0.004313838 0.974208653 109.604118347
0.974157751 0.044091836 0.221523345 60.734210968 -0.042732865 0.999026775 -0.010926045 -3.388269424 -0.221789494 0.001177365 0.975093842 110.345695496
0.975084722 0.042574149 0.217709124 60.900238037 -0.040529124 0.999082327 -0.013852188 -3.397627354 -0.218099087 0.004683497 0.975915372 111.104209900
0.975986362 0.040615179 0.214011788 61.064258575 -0.038876351 0.999167979 -0.012329211 -3.409691334 -0.214334473 0.003713145 0.976753294 111.880470276
0.976890445 0.036587279 0.210585922 61.228771210 -0.035279546 0.999327779 -0.009964734 -3.429350615 -0.210808948 0.002305079 0.977524579 112.658523560
0.977339447 0.035392899 0.208698362 61.402839661 -0.034637846 0.999373496 -0.007272655 -3.441620588 -0.208825007 -0.000121009 0.977953017 113.450897217
0.977702379 0.032257915 0.207502946 61.570194244 -0.031927854 0.999477983 -0.004940338 -3.449762106 -0.207553983 -0.001794943 0.978221893 114.248435974
0.977860093 0.027933070 0.207387075 61.737335205 -0.027761692 0.999607563 -0.003737259 -3.463660717 -0.207410082 -0.002102900 0.978251815 115.044006348
0.978046715 0.028148320 0.206475809 61.910163879 -0.028300328 0.999597013 -0.002217849 -3.471513510 -0.206455022 -0.003674173 0.978449166 115.855484009
0.977818012 0.033058703 0.206831083 62.075904846 -0.032923590 0.999449492 -0.004096210 -3.481683254 -0.206852630 -0.002804273 0.978368104 116.677780151
0.977501869 0.039011355 0.207287699 62.239799500 -0.038299691 0.999238551 -0.007446806 -3.493284225 -0.207420379 -0.000659788 0.978251696 117.492202759
0.976879954 0.047679413 0.208403915 62.400058746 -0.046781454 0.998862445 -0.009238349 -3.498209476 -0.208607316 -0.000724680 0.977999210 118.318840027
0.975993156 0.053292368 0.211180598 62.567996979 -0.052700669 0.998574734 -0.008433168 -3.518548965 -0.211329043 -0.002898643 0.977410674 119.162162781
0.975233376 0.055296358 0.214154556 62.735221863 -0.055133920 0.998456240 -0.006736042 -3.531320333 -0.214196429 -0.005237964 0.976776540 119.984619141
0.974642932 0.055866700 0.216679573 62.915493011 -0.055570576 0.998426855 -0.007464207 -3.550013065 -0.216755703 -0.004766072 0.976214230 120.826675415
0.974296868 0.054271095 0.218632683 63.095405579 -0.053234193 0.998525441 -0.010634991 -3.556898594 -0.218887463 -0.001277095 0.975749254 121.659469604
0.974328518 0.048346851 0.219878331 63.290985107 -0.047521442 0.998829246 -0.009044793 -3.576456785 -0.220058203 -0.001636335 0.975485384 122.501029968
0.974558115 0.041940190 0.220176175 63.487571716 -0.040623631 0.999119282 -0.010505975 -3.599075317 -0.220422879 0.001294329 0.975403547 123.333312988
0.974364638 0.040901292 0.221225306 63.675621033 -0.039589271 0.999162316 -0.010363393 -3.622155190 -0.221463859 0.001339575 0.975167632 124.162292480
0.973837852 0.043063503 0.223126322 63.861381531 -0.042436212 0.999070227 -0.007607679 -3.635920286 -0.223246470 -0.002059988 0.974759877 125.007492065
0.973410130 0.045128945 0.224579707 64.045593262 -0.045892537 0.998944700 -0.001821434 -3.650552750 -0.224424914 -0.008533530 0.974454045 125.847938538
0.972976685 0.048795372 0.225688666 64.227882385 -0.050672133 0.998712122 0.002526822 -3.671796322 -0.225274712 -0.013894664 0.974196196 126.697441101
0.972707689 0.048371982 0.226936013 64.414382935 -0.048727751 0.998803914 -0.004037561 -3.688021660 -0.226859882 -0.007130715 0.973901272 127.536026001
0.973105729 0.043800026 0.226156637 64.609817505 -0.040676020 0.999001920 -0.018457297 -3.701958418 -0.226739332 0.008761749 0.973916054 128.324981689
