1.000000000 0.000000000 0.000000000 0.000000000 0.000000000 1.000000000 0.000000000 0.000000000 0.000000000 0.000000000 1.000000000 0.000000000
0.999991536 -0.002356232 -0.003378429 -0.003953317 0.002348623 0.999994695 -0.002254475 -0.003411037 0.003383723 0.002246521 0.999991775 0.666553199
0.999972045 -0.001046179 -0.007399912 -0.015641833 0.001020014 0.999993205 -0.003538746 -0.010877783 0.007403564 0.003531099 0.999966383 1.356092215
0.999935925 -0.001838824 -0.011171704 -0.028064048 0.001783869 0.999986291 -0.004927094 -0.011380768 0.011180611 0.004906849 0.999925435 2.071684361
0.999869585 -0.000458902 -0.016141655 -0.044203535 0.000367775 0.999983966 -0.005647928 -0.013005297 0.016143989 0.005641255 0.999853790 2.801861525
0.999792576 -0.001148308 -0.020335738 -0.065893970 0.001029971 0.999982476 -0.005828680 -0.023069402 0.020342074 0.005806526 0.999776244 3.539819479
0.999692082 0.000283345 -0.024813406 -0.090563662 -0.000461019 0.999974310 -0.007154969 -0.028530452 0.024810741 0.007164204 0.999666512 4.299475670
0.999554634 0.002861699 -0.029704103 -0.122494817 -0.003098016 0.999963880 -0.007912739 -0.033973794 0.029680386 0.008001239 0.999527395 5.066679001
0.999412656 0.003306358 -0.034109261 -0.154519498 -0.003517692 0.999974966 -0.006137667 -0.045253664 0.034088116 0.006254048 0.999399245 5.865775108
0.999252200 0.002602665 -0.038577452 -0.188828126 -0.002739672 0.999990106 -0.003499039 -0.051089492 0.038567964 0.003602112 0.999249458 6.664342880
0.999130726 0.002130822 -0.041632157 -0.234008074 -0.002152647 0.999997556 -0.000479416 -0.064279683 0.041631032 0.000568619 0.999132872 7.473580360
0.999010503 0.003664959 -0.044323958 -0.273640424 -0.003743072 0.999991596 -0.001679459 -0.067905337 0.044317428 0.001843705 0.999015808 8.290538788
0.998918176 0.003264236 -0.046388391 -0.319918275 -0.003353105 0.999992669 -0.001838083 -0.074397482 0.046382051 0.001991640 0.998921812 9.107745171
0.998832285 0.000829155 -0.048304878 -0.360590219 -0.000955453 0.999996185 -0.002591560 -0.079529993 0.048302542 0.002634686 0.998829305 9.938430786
0.998720527 -0.000003615 -0.050570089 -0.397776604 -0.000072560 0.999998868 -0.001504492 -0.089280993 0.050570037 0.001506236 0.998719394 10.793346405
0.998641133 -0.001520731 -0.052091852 -0.443701327 0.001421054 0.999997079 -0.001950465 -0.095574230 0.052094668 0.001873789 0.998640418 11.640656471
0.998549819 0.000921222 -0.053827785 -0.499028742 -0.001143859 0.999990940 -0.004105428 -0.107098982 0.053823512 0.004161046 0.998541772 12.497349739
0.998477697 0.000991953 -0.055147968 -0.550039113 -0.001367230 0.999976158 -0.006767593 -0.116887011 0.055139940 0.006832691 0.998455286 13.362891197
0.998373330 0.004875465 -0.056805648 -0.611464858 -0.005361362 0.999950290 -0.008404416 -0.128792346 0.056761850 0.008695301 0.998349905 14.233298302
0.998300910 0.006134287 -0.057945270 -0.666142762 -0.006616997 0.999944985 -0.008142251 -0.140137926 0.057892133 0.008511839 0.998286545 15.124774933
0.998232603 0.005326458 -0.059188977 -0.723142743 -0.005716833 0.999962986 -0.006428021 -0.157161549 0.059152547 0.006755034 0.998226106 16.012754440
0.998170555 0.006058091 -0.060156371 -0.787527502 -0.006385532 0.999965847 -0.005252412 -0.166064084 0.060122497 0.005626933 0.998175144 16.906040192
0.998093665 0.005569716 -0.061465871 -0.842261255 -0.005895026 0.999969542 -0.005112470 -0.181243494 0.061435524 0.005465067 0.998096108 17.813920975
0.997986734 0.005543291 -0.063180447 -0.898580372 -0.005929532 0.999964833 -0.005927448 -0.192360446 0.063145369 0.006290144 0.997984529 18.716709137
0.997938871 0.004092610 -0.064040795 -0.961442173 -0.004518346 0.999968648 -0.006504480 -0.207101494 0.064012162 0.006780432 0.997926056 19.627737045
0.997894049 0.003843765 -0.064750835 -1.016357660 -0.004159509 0.999980092 -0.004742194 -0.220577896 0.064731322 0.005001538 0.997890174 20.544052124
0.997888684 0.005561141 -0.064708807 -1.086324573 -0.005673914 0.999982715 -0.001559131 -0.228997037 0.064699017 0.001922991 0.997902989 21.474344254
0.997952700 0.006640499 -0.063610598 -1.151115060 -0.006519080 0.999976516 0.002116140 -0.237759575 0.063623160 -0.001697125 0.997972548 22.405229568
0.998046994 0.005762149 -0.062201243 -1.209158778 -0.005450441 0.999971747 0.005179798 -0.247936800 0.062229328 -0.004830658 0.998050213 23.340677261
0.998138368 0.005532766 -0.060738817 -1.267577291 -0.005177281 0.999968529 0.006008497 -0.255774200 0.060770150 -0.005682849 0.998135626 24.286319733
0.998235941 0.005954198 -0.059072416 -1.331948757 -0.005783594 0.999978602 0.003058602 -0.260257930 0.059089363 -0.002711555 0.998248994 25.224788666
0.998283982 0.006418546 -0.058205355 -1.391204000 -0.006527796 0.999977291 -0.001687028 -0.269219279 0.058193203 0.002064086 0.998303235 26.161649704
0.998336315 0.005836073 -0.057363346 -1.441813231 -0.006104392 0.999971211 -0.004503406 -0.276870430 0.057335414 0.004846082 0.998343229 27.129055023
0.998394430 0.003100862 -0.056558870 -1.500410080 -0.003322479 0.999987185 -0.003824731 -0.282377124 0.056546282 0.004006505 0.998391926 28.088991165
0.998393655 0.001747545 -0.056630913 -1.558674455 -0.001671016 0.999997616 0.001398682 -0.298520327 0.056633223 -0.001301804 0.998394191 29.062297821
0.998343349 -0.002014719 -0.057502363 -1.606070995 0.002306100 0.999984860 0.005001382 -0.312348694 0.057491414 -0.005125703 0.998332858 30.032052994
0.998248577 -0.008935845 -0.058479745 -1.659354687 0.009187662 0.999949634 0.004038595 -0.316294551 0.058440711 -0.004568814 0.998280406 31.003753662
0.998139381 -0.011405995 -0.059896920 -1.714953303 0.011447567 0.999934435 0.000350952 -0.322804213 0.059888989 -0.001035974 0.998204529 31.979803085
0.998067975 -0.010910315 -0.061165605 -1.780226707 0.010695634 0.999935448 -0.003836136 -0.328665376 0.061203510 0.003174520 0.998120248 32.959121704
0.997935236 -0.009673946 -0.063495830 -1.844946742 0.009402706 0.999945343 -0.004569201 -0.337930948 0.063536562 0.003962734 0.997971654 33.951778412
0.997888327 -0.010148332 -0.064155154 -1.905555367 0.009986534 0.999946117 -0.002842145 -0.356919140 0.064180538 0.002195456 0.997935891 34.931251526
0.997838438 -0.007156192 -0.065324254 -1.981614828 0.007164121 0.999974310 -0.000112870 -0.367636114 0.065323383 -0.000355365 0.997864068 35.922653198
0.997754335 -0.006669705 -0.066646501 -2.048861265 0.006758086 0.999976575 0.001100743 -0.378582627 0.066637598 -0.001548674 0.997776031 36.919265747
0.997696936 -0.005784707 -0.067582481 -2.119706392 0.006058472 0.999974251 0.003846581 -0.389102280 0.067558490 -0.004247168 0.997706294 37.894546509
0.997718871 -0.005157936 -0.067308277 -2.188158989 0.005624518 0.999961436 0.006744346 -0.400762796 0.067270890 -0.007107538 0.997709453 38.895156860
0.997689247 0.000719054 -0.067938238 -2.262577772 -0.000100107 0.999958456 0.009113398 -0.408313334 0.067941971 -0.009085539 0.997647882 39.875278473
0.997689366 0.001390727 -0.067926586 -2.335513592 -0.000826774 0.999964952 0.008329799 -0.415619344 0.067935787 -0.008254392 0.997655571 40.853759766
0.997668803 0.001083899 -0.068233684 -2.397656202 -0.000628463 0.999977410 0.006695754 -0.415635914 0.068239398 -0.006637263 0.997646868 41.867263794
0.997653186 0.003529464 -0.068378590 -2.472972631 -0.003240380 0.999985337 0.004338141 -0.421332210 0.068392903 -0.004106387 0.997650027 42.855411530
0.997616112 0.003099288 -0.068937980 -2.551862240 -0.002777586 0.999984801 0.004761908 -0.434427470 0.068951689 -0.004559075 0.997609556 43.843009949
0.997534931 0.001066335 -0.070163272 -2.617355824 -0.000676948 0.999984264 0.005573280 -0.439461082 0.070168108 -0.005512045 0.997519970 44.834304810
0.997470379 0.001545458 -0.071066357 -2.692590714 -0.001082763 0.999977946 0.006548803 -0.448117107 0.071074910 -0.006455290 0.997450113 45.828628540
0.997462273 0.004233827 -0.071070805 -2.776067019 -0.004035325 0.999987543 0.002936367 -0.459926158 0.071082354 -0.002642121 0.997466922 46.799167633
0.997386158 0.004801745 -0.072095819 -2.850934029 -0.004904417 0.999987185 -0.001247153 -0.468355715 0.072088905 0.001597481 0.997396946 47.764091492
0.997342706 0.005411096 -0.072651699 -2.915342093 -0.005603013 0.999981344 -0.002438050 -0.472585291 0.072637148 0.002838640 0.997354388 48.728519440
0.997349203 0.004280504 -0.072637804 -2.990804911 -0.004200929 0.999990404 0.001248245 -0.488074303 0.072642446 -0.000939790 0.997357607 49.708995819
0.997381389 0.002456101 -0.072279587 -3.070902109 -0.002178850 0.999989986 0.003914412 -0.495307863 0.072288483 -0.003746675 0.997376740 50.672863007
0.997317612 0.000629632 -0.073193178 -3.128331423 -0.000278386 0.999988377 0.004808995 -0.508879840 0.073195353 -0.004775720 0.997306168 51.631397247
0.997307479 -0.002660968 -0.073285140 -3.201331139 0.002937010 0.999988973 0.003659166 -0.519503117 0.073274598 -0.003864552 0.997304320 52.581562042
0.997266889 -0.005175162 -0.073702112 -3.267770290 0.005374757 0.999982417 0.002510054 -0.532705963 0.073687822 -0.002899325 0.997277141 53.524105072
0.997161090 -0.006977267 -0.074973710 -3.332157850 0.007292387 0.999965668 0.003930138 -0.544813931 0.074943714 -0.004465718 0.997177780 54.486652374
0.997048914 -0.009767152 -0.076145306 -3.403015852 0.010370310 0.999917865 0.007529764 -0.546597898 0.076065511 -0.008297193 0.997068286 55.440551758
0.996988535 -0.010458576 -0.076840289 -3.474882841 0.011475405 0.999852180 0.012803396 -0.553233445 0.076695025 -0.013646613 0.996961176 56.391967773
0.996940136 -0.009668966 -0.077568412 -3.546090364 0.010872120 0.999826849 0.015103587 -0.556722462 0.077408947 -0.015900705 0.996872604 57.342975616
0.996835113 -0.008274036 -0.079065084 -3.621150970 0.009156889 0.999899626 0.010810131 -0.555776477 0.078967705 -0.011499908 0.996810853 58.268550873
0.996783376 -0.007041351 -0.079833001 -3.711653709 0.007331125 0.999967575 0.003337219 -0.564092100 0.079806909 -0.003911750 0.996802688 59.182880402
0.996704996 -0.005068256 -0.080953524 -3.787123919 0.004956134 0.999986470 -0.001585900 -0.570230722 0.080960460 0.001179458 0.996716619 60.109554291
0.996653259 -0.000116606 -0.081745200 -3.873089790 0.000053238 0.999999702 -0.000777366 -0.582217872 0.081745259 0.000770412 0.996652961 61.010616302
0.996535778 0.002487017 -0.083127618 -3.954514265 -0.002346769 0.999995649 0.001784804 -0.597535014 0.083131693 -0.001583540 0.996537328 61.898059845
0.996450484 0.005070327 -0.084027879 -4.033365250 -0.004820488 0.999983311 0.003175905 -0.612570465 0.084042579 -0.002759577 0.996458352 62.782051086
0.996350765 0.005914211 -0.085147925 -4.113458157 -0.005677828 0.999979317 0.003018051 -0.624245405 0.085164011 -0.002523582 0.996363759 63.649723053
0.996221006 0.007633248 -0.086518183 -4.197538376 -0.007335050 0.999966025 0.003764041 -0.633370996 0.086543977 -0.003115201 0.996243179 64.500602722
0.996095419 0.008499769 -0.087873220 -4.276675701 -0.008140050 0.999956965 0.004451147 -0.647277653 0.087907277 -0.003718475 0.996121705 65.344879150
0.995977283 0.008305632 -0.089220509 -4.352924347 -0.007903551 0.999956965 0.004858942 -0.656227589 0.089257024 -0.004134237 0.996000051 66.170501709
0.995868802 0.008127488 -0.090439387 -4.429208755 -0.007621570 0.999953330 0.005937960 -0.664234042 0.090483427 -0.005224139 0.995884240 66.975448608
0.995710790 0.010923710 -0.091873012 -4.507219315 -0.010184231 0.999911904 0.008513900 -0.670406997 0.091957927 -0.007541727 0.995734334 67.774230957
0.995576262 0.012645605 -0.093102083 -4.590672493 -0.011497078 0.999851167 0.012862297 -0.679009616 0.093250878 -0.011734996 0.995573461 68.566436768
0.995370924 0.015969109 -0.094772100 -4.673131466 -0.014655239 0.999786854 0.014543375 -0.683423758 0.094984144 -0.013087145 0.995392740 69.344024658
0.995220959 0.018490402 -0.095882043 -4.753302097 -0.017567309 0.999790967 0.010462671 -0.691881180 0.096055463 -0.008728280 0.995337725 70.084869385
0.995071828 0.018557617 -0.097404622 -4.824901104 -0.018331744 0.999826789 0.003213424 -0.701626420 0.097447388 -0.001411991 0.995239675 70.801147461
0.994935870 0.017548807 -0.098968059 -4.895689964 -0.017902603 0.999836147 -0.002687841 -0.706482589 0.098904669 0.004446016 0.995086968 71.506217957
0.994874895 0.018288249 -0.099445663 -4.967186451 -0.018767433 0.999816298 -0.003885115 -0.711524606 0.099356346 0.005731543 0.995035410 72.196243286
0.994768441 0.021080693 -0.099956848 -5.049512863 -0.021197282 0.999775290 -0.000104349 -0.727983654 0.099932186 0.002222616 0.994991779 72.872444153
0.994637251 0.021682458 -0.101126745 -5.125577927 -0.021583674 0.999764919 0.002071005 -0.743381619 0.101147875 0.000122788 0.994871378 73.528167725
0.994585454 0.018136049 -0.102327369 -5.183105946 -0.018341169 0.999831200 -0.001063948 -0.757366300 0.102290802 0.002934991 0.994750202 74.153724670
0.994669437 0.009866183 -0.102642231 -5.230599880 -0.010561177 0.999924839 -0.006229783 -0.773768067 0.102573052 0.007280597 0.994698822 74.771804810
0.994804323 0.005964973 -0.101630844 -5.287758350 -0.007130421 0.999912858 -0.011108037 -0.781135678 0.101555727 0.011774994 0.994760156 75.366600037
0.995093524 0.008056530 -0.098610021 -5.344856262 -0.009210152 0.999894321 -0.011249204 -0.795616567 0.098508969 0.012102224 0.995062590 75.945220947
0.995457351 0.013544480 -0.094240442 -5.411720753 -0.014370185 0.999864042 -0.008088545 -0.812487781 0.094118074 0.009406053 0.995516598 76.517204285
0.995887578 0.012030489 -0.089795649 -5.459368706 -0.012523251 0.999909461 -0.004926191 -0.824296355 0.089728251 0.006030465 0.995948017 77.073852539
0.996432126 0.008561647 -0.083962291 -5.495095730 -0.008677371 0.999961853 -0.001013444 -0.831827760 0.083950415 0.001738400 0.996468425 77.615493774
0.997131109 0.003761301 -0.075600497 -5.530397892 -0.003602154 0.999991000 0.002241358 -0.842752337 0.075608246 -0.001962603 0.997135639 78.148666382
0.997857571 0.007499446 -0.064992242 -5.558869839 -0.007360827 0.999970078 0.002372055 -0.857161582 0.065008089 -0.001888576 0.997882962 78.657150269
0.998668432 0.012574064 -0.050032210 -5.583882332 -0.012506850 0.999920428 0.001656276 -0.861870766 0.050049055 -0.001028325 0.998746216 79.162223816
0.999342740 0.017635342 -0.031671751 -5.603309631 -0.017580729 0.999843419 0.002001976 -0.866247177 0.031702098 -0.001443848 0.999496341 79.652290344
0.999822795 0.016198276 -0.009592750 -5.594408035 -0.016172744 0.999865472 0.002733240 -0.874438643 0.009635733 -0.002577615 0.999950230 80.136123657
0.999785721 0.012670331 0.016371517 -5.557543278 -0.012729862 0.999912739 0.003537157 -0.881640553 -0.016325269 -0.003744806 0.999859750 80.584251404
0.998869419 0.011468066 0.046134640 -5.515479565 -0.011730118 0.999916553 0.005413436 -0.893972397 -0.046068709 -0.005948480 0.998920560 81.043861389
0.996811032 0.011073529 0.079026364 -5.459658623 -0.011619728 0.999911666 0.006455083 -0.897130311 -0.078947902 -0.007352763 0.996851623 81.489074707
0.993088186 0.011202743 0.116834655 -5.386160851 -0.012036663 0.999906838 0.006434464 -0.896729767 -0.116751693 -0.007796290 0.993130565 81.935119629
0.987318397 0.011032409 0.158368915 -5.294763565 -0.012285540 0.999900460 0.006935885 -0.911187649 -0.158276632 -0.008793574 0.987355649 82.337890625
0.978970647 0.010869275 0.203711495 -5.182369232 -0.012529789 0.999897957 0.006863286 -0.917968929 -0.203616098 -0.009271418 0.979006886 82.757194519
0.967568576 0.013110122 0.252268016 -5.044967651 -0.014730856 0.999881208 0.004537035 -0.924418151 -0.252178550 -0.008106016 0.967646778 83.153816223
0.951799154 0.014193691 0.306393355 -4.903408051 -0.015515970 0.999877870 0.001880361 -0.934953988 -0.306329250 -0.006543715 0.951903164 83.541069031
0.932290554 0.014739173 0.361409813 -4.711525917 -0.015530959 0.999879122 -0.000713942 -0.936421216 -0.361376673 -0.004947439 0.932406783 83.913177490
0.908074617 0.015149840 0.418534309 -4.520124435 -0.015287513 0.999878585 -0.003024358 -0.938753963 -0.418529302 -0.003652006 0.908195972 84.244567871
0.879237473 0.014652641 0.476158321 -4.313282967 -0.014140854 0.999889135 -0.004657794 -0.951798081 -0.476173788 -0.002637978 0.879347205 84.542427063
0.845694304 0.013508924 0.533496678 -4.074261189 -0.011744401 0.999908566 -0.006702041 -0.959708810 -0.533538401 -0.000597720 0.845775604 84.846405029
0.808742762 0.012992712 0.588018954 -3.814643860 -0.010179353 0.999915421 -0.008093506 -0.969036341 -0.588074386 0.000559913 0.808806658 85.134552002
0.769013822 0.011814274 0.639122963 -3.537713051 -0.009020315 0.999930203 -0.007630305 -0.974366903 -0.639168501 0.000102720 0.769066691 85.400054932
0.726502299 0.010892749 0.687077761 -3.245061874 -0.010780735 0.999931991 -0.004453322 -0.995128334 -0.687079489 -0.004171854 0.726570249 85.645088196
0.682156444 0.010407441 0.731132269 -2.934404373 -0.008994610 0.999942482 -0.005841778 -0.986359596 -0.731151044 -0.002591242 0.682210803 85.861213684
0.636154592 0.008652760 0.771513104 -2.607574463 -0.005699022 0.999962509 -0.006515737 -0.999660134 -0.771540582 -0.000251854 0.636180043 86.062904358
0.589831650 0.005780256 0.807505608 -2.262208939 0.000985665 0.999968469 -0.007877904 -1.002739310 -0.807525694 0.005442568 0.589807391 86.248329163
0.543833375 0.007515290 0.839159548 -1.940734863 -0.001323680 0.999966323 -0.008097596 -1.019827843 -0.839192152 0.003292965 0.543825030 86.396942139
0.496704459 0.010447798 0.867856860 -1.603137970 -0.004744056 0.999945283 -0.009322774 -1.026628971 -0.867906809 0.000513503 0.496726871 86.555122375
0.451713920 0.012057205 0.892081439 -1.257873535 -0.004994617 0.999927163 -0.010985756 -1.038140535 -0.892148912 0.000506816 0.451741219 86.684394836
0.409022689 0.010104413 0.912468314 -0.907032013 0.002249693 0.999924481 -0.012081326 -1.037696719 -0.912521482 0.006994311 0.408969104 86.798210144
0.369610667 0.002878673 0.929182291 -0.525905609 0.017189546 0.999802887 -0.009935129 -1.039600730 -0.929027736 0.019644350 0.369488299 86.897956848
0.334615290 -0.001325611 0.942353904 -0.166004181 0.021368532 0.999752581 -0.006181282 -1.049258947 -0.942112505 0.022205070 0.334560812 86.978874207
0.300508976 0.003147799 0.953773797 0.200317383 0.018625367 0.999784470 -0.009168013 -1.057138801 -0.953597069 0.020519458 0.300385594 87.094284058
0.269312441 0.010741155 0.962992966 0.566593170 0.007774976 0.999880970 -0.013326965 -1.071942091 -0.963021457 0.011076365 0.269196868 87.192802429
0.241107702 0.014798170 0.970385551 0.946811676 0.003034916 0.999867380 -0.016001834 -1.091108322 -0.970493674 0.006803204 0.241030812 87.274909973
0.215538979 0.016389892 0.976357758 1.336364746 0.004381712 0.999832809 -0.017751263 -1.106468916 -0.976485491 0.008104209 0.215431154 87.339195251
0.191966355 0.017767189 0.981240690 1.756919861 0.011673447 0.999724030 -0.020385616 -1.118477583 -0.981332123 0.015367812 0.191706002 87.403945923
0.172381759 0.024066769 0.984736145 2.165649414 0.018566404 0.999444485 -0.027676355 -1.116376877 -0.984855235 0.023053909 0.171839178 87.439010620
0.152062893 0.031134734 0.987880349 2.587760925 0.020382328 0.999192357 -0.034628671 -1.115514636 -0.988160670 0.025401035 0.151305497 87.500167847
0.134550989 0.031856559 0.990394473 3.026481628 0.018190593 0.999235272 -0.034612227 -1.128614783 -0.990739703 0.022672972 0.133868635 87.555099487
0.119178712 0.027584508 0.992489636 3.488098145 0.016481932 0.999421299 -0.029756324 -1.151787877 -0.992736101 0.019904468 0.118655086 87.606330872
0.104464114 0.024372531 0.994229972 3.953987122 0.016490320 0.999519765 -0.026234850 -1.171683669 -0.994391978 0.019135771 0.104012012 87.650047302
0.091367245 0.021842066 0.995577753 4.437049866 0.018815625 0.999543071 -0.023655834 -1.188723087 -0.995639563 0.020893786 0.090914488 87.680404663
0.079800487 0.021212475 0.996585190 4.932907104 0.022428142 0.999482214 -0.023070054 -1.202183723 -0.996558607 0.024192557 0.079283416 87.706207275
0.069437861 0.022010239 0.997343540 5.448883057 0.025861086 0.999380887 -0.023855727 -1.216439366 -0.997251153 0.027448878 0.068825662 87.737899780
0.061680436 0.022371739 0.997845173 5.986419678 0.028317716 0.999307096 -0.024154937 -1.228966117 -0.997694135 0.029746586 0.061004221 87.764305115
0.056203783 0.022669096 0.998162091 6.533409119 0.030037638 0.999251246 -0.024385178 -1.244753361 -0.997967541 0.031352971 0.055480778 87.789718628
0.050232589 0.023640919 0.998457849 7.097167969 0.031050704 0.999199569 -0.025220655 -1.263738751 -0.998254895 0.032269716 0.049458265 87.818443298
0.044557869 0.024347357 0.998710036 7.689598083 0.031679682 0.999165773 -0.025771869 -1.277240276 -0.998504341 0.032787159 0.043749392 87.840759277
0.040162146 0.024251832 0.998898923 8.291580200 0.034104776 0.999089599 -0.025627701 -1.294355750 -0.998611093 0.035096489 0.039298475 87.859741211
0.037337720 0.024396088 0.999004900 8.907653809 0.035490457 0.999038935 -0.025723372 -1.311290860 -0.998672307 0.036415592 0.036436021 87.877304077
0.034451067 0.023992993 0.999118328 9.547248840 0.036678996 0.999007940 -0.025255086 -1.329780221 -0.998733103 0.037516721 0.033536851 87.896659851
0.031912863 0.023178004 0.999221921 10.199386597 0.038605478 0.998956442 -0.024404820 -1.351256251 -0.998744845 0.039354265 0.030984759 87.912834167
0.031311631 0.022869172 0.999248087 10.875495911 0.043187845 0.998773575 -0.024211617 -1.370730400 -0.998576283 0.043913476 0.030285537 87.927566528
0.032285273 0.022385946 0.999228060 11.563171387 0.046670549 0.998624861 -0.023880374 -1.391441941 -0.998388529 0.047405504 0.031196117 87.947731018
0.034653783 0.022442350 0.999147415 12.270675659 0.048068460 0.998553336 -0.024096185 -1.409599066 -0.998242795 0.048862502 0.033524871 87.970359802
0.038430274 0.022432100 0.999009490 12.993850708 0.050762188 0.998413384 -0.024371453 -1.429864645 -0.997971117 0.051648505 0.037230611 87.999084473
0.042955697 0.021919820 0.998836637 13.732429504 0.051270466 0.998393595 -0.024115035 -1.450647473 -0.997760713 0.052246694 0.041762829 88.031608582
0.046611369 0.020056287 0.998711705 14.486907959 0.052557115 0.998364389 -0.022502232 -1.475592017 -0.997529507 0.053538270 0.045481026 88.074462891
0.050682306 0.018618610 0.998541415 15.258453369 0.052429866 0.998397887 -0.021277092 -1.495749712 -0.997337818 0.053431761 0.049624920 88.110061646
0.054964006 0.016349163 0.998354614 16.039543152 0.049499031 0.998591959 -0.019078208 -1.519270062 -0.997260809 0.050466198 0.054077387 88.159736633
0.058870792 0.015340828 0.998147845 16.839302063 0.048832670 0.998640597 -0.018228561 -1.536871314 -0.997070611 0.049815349 0.058041632 88.215927124
0.062797725 0.016464023 0.997890532 17.633316040 0.046013344 0.998752952 -0.019373894 -1.559025764 -0.996965051 0.047132913 0.061961830 88.275024414
0.065479517 0.020558825 0.997642100 18.434509277 0.043927502 0.998759091 -0.023464993 -1.586488128 -0.996886551 0.045360401 0.064495146 88.341773987
0.066767156 0.025862807 0.997433424 19.241523743 0.038211152 0.998864412 -0.028457729 -1.612370849 -0.997036695 0.040013116 0.065703094 88.412933350
0.066743374 0.028888348 0.997352004 20.049854279 0.034924593 0.998900592 -0.031270389 -1.645642996 -0.997158885 0.036919203 0.065661073 88.467216492
0.066758811 0.028705655 0.997356236 20.857418060 0.032661237 0.998987496 -0.030938817 -1.672390223 -0.997234583 0.034640327 0.065753698 88.528656006
0.066967368 0.027109353 0.997386813 21.670715332 0.029873749 0.999128163 -0.029162493 -1.704173088 -0.997307837 0.031748619 0.066099107 88.586143494
0.066704452 0.025549278 0.997445762 22.501201630 0.030595962 0.999149621 -0.027639043 -1.741883159 -0.997303665 0.032361455 0.065865993 88.651351929
0.066592515 0.024982275 0.997467518 23.312507629 0.028304076 0.999236882 -0.026916219 -1.773541689 -0.997378767 0.030024813 0.065834582 88.719306946
0.066782057 0.024969054 0.997455180 24.134311676 0.026787559 0.999281585 -0.026808273 -1.807559013 -0.997407973 0.028509703 0.066065192 88.785743713
0.066775978 0.025276491 0.997447848 24.941455841 0.023410833 0.999364138 -0.026892340 -1.850183964 -0.997493386 0.025146849 0.066141784 88.848678589
0.065982521 0.026931673 0.997457206 25.747367859 0.020674367 0.999384224 -0.028351324 -1.879083157 -0.997606516 0.022492487 0.065385103 88.897933960
0.063116312 0.026511237 0.997653961 26.562408447 0.017304242 0.999467790 -0.027654184 -1.911447287 -0.997856140 0.019009078 0.062623978 88.958374023
0.059429348 0.025334863 0.997911096 27.377899170 0.015295869 0.999537408 -0.026287083 -1.943383336 -0.998115420 0.016826142 0.059014320 89.012542725
0.054110289 0.022712739 0.998276770 28.192382812 0.012952602 0.999641180 -0.023445865 -1.976793051 -0.998451114 0.014198946 0.053796649 89.070610046
0.048731267 0.020875333 0.998593867 29.007949829 0.011094996 0.999708593 -0.021440076 -2.004915237 -0.998750448 0.012124199 0.048485458 89.096733093
0.041164577 0.021247342 0.998926520 29.812129974 0.010776568 0.999706268 -0.021708021 -2.032571316 -0.999094367 0.011658603 0.040923536 89.133049011
0.032434702 0.022094894 0.999229729 30.614768982 0.010360364 0.999694467 -0.022441471 -2.063297987 -0.999420285 0.011080269 0.032195926 89.160697937
0.022168219 0.022548869 0.999500155 31.418094635 0.010803711 0.999681830 -0.022792595 -2.090463400 -0.999696076 0.011303585 0.021917522 89.178604126
0.012175500 0.021326303 0.999698520 32.206874847 0.012115415 0.999696016 -0.021473810 -2.123500586 -0.999852598 0.012373218 0.011913419 89.184555054
0.001108944 0.020440446 0.999790430 33.002803802 0.010809281 0.999732435 -0.020451250 -2.150859833 -0.999940932 0.010829696 0.000887692 89.190063477
-0.009878635 0.019490421 0.999761283 33.793037415 0.012533390 0.999733925 -0.019366048 -2.179047346 -0.999872684 0.012339091 -0.010120273 89.179054260
-0.020836830 0.020133222 0.999580145 34.578399658 0.012796639 0.999720693 -0.019869300 -2.202395439 -0.999701023 0.012377255 -0.021088719 89.163436890
-0.032070518 0.020797389 0.999269307 35.352390289 0.012890236 0.999708951 -0.020392843 -2.228293896 -0.999402583 0.012226810 -0.032329202 89.140029907
-0.042222261 0.021737484 0.998871863 36.130516052 0.012565525 0.999695778 -0.021224273 -2.257949591 -0.999029338 0.011655212 -0.042482615 89.098182678
-0.052757502 0.022795269 0.998347282 36.897136688 0.013068816 0.999669552 -0.022134848 -2.281569481 -0.998521984 0.011879440 -0.053037882 89.059005737
-0.062227964 0.023421753 0.997787178 37.652229309 0.014102894 0.999645412 -0.022585833 -2.314784527 -0.997962356 0.012666214 -0.062536240 89.008110046
-0.071975112 0.024009120 0.997117341 38.432685852 0.014491081 0.999629915 -0.023023603 -2.339395761 -0.997301102 0.012792183 -0.072296381 88.954078674
-0.081447482 0.024530903 0.996375859 39.176136017 0.015196181 0.999611437 -0.023368377 -2.366046906 -0.996561944 0.013237814 -0.081788659 88.894866943
-0.089945674 0.023755083 0.995663404 39.909130096 0.016361671 0.999615848 -0.022371313 -2.393896818 -0.995812297 0.014278515 -0.090299845 88.824600220
-0.097560525 0.022802211 0.994968295 40.638519287 0.018328041 0.999609113 -0.021111432 -2.421283722 -0.995060802 0.016176179 -0.097940207 88.755050659
-0.102252126 0.021112509 0.994534433 41.372375488 0.021275260 0.999592483 -0.019032490 -2.448358059 -0.994530976 0.019212866 -0.102659583 88.659347534
-0.105571389 0.019385157 0.994222879 42.077770233 0.024683451 0.999553025 -0.016868079 -2.474152565 -0.994105458 0.022760065 -0.106002688 88.570800781
-0.108588576 0.018373976 0.993917108 42.778800964 0.026198009 0.999534786 -0.015615617 -2.495241404 -0.993741632 0.024342969 -0.109019399 88.497177124
-0.110313296 0.017578531 0.993741512 43.461879730 0.026290916 0.999545336 -0.014762698 -2.516066551 -0.993549228 0.024497852 -0.110725284 88.423629761
-0.111310601 0.017935928 0.993623853 44.119827271 0.026746973 0.999529004 -0.015046199 -2.541606426 -0.993425727 0.024901630 -0.111737967 88.356765747
-0.110221267 0.018954847 0.993726492 44.792285919 0.027906571 0.999482989 -0.015969342 -2.560515881 -0.993515432 0.025971336 -0.110693216 88.278167725
-0.106821895 0.020972893 0.994056940 45.425270081 0.029578891 0.999402046 -0.017907100 -2.573733568 -0.993838131 0.027490230 -0.107378364 88.206542969
-0.102182031 0.021124128 0.994541526 46.023403168 0.029083561 0.999410570 -0.018239427 -2.603307247 -0.994340599 0.027061068 -0.102736115 88.158515930
-0.094200850 0.021564709 0.995319724 46.619380951 0.028352348 0.999417961 -0.018970134 -2.628745794 -0.995149493 0.026432648 -0.094757438 88.106582642
-0.082804918 0.022022795 0.996322334 47.222888947 0.027152866 0.999434471 -0.019834893 -2.642268658 -0.996195734 0.025410580 -0.083356142 88.060440063
-0.069032192 0.022144150 0.997368753 47.778247833 0.026447073 0.999442875 -0.020359689 -2.666934013 -0.997263968 0.024972010 -0.069579363 88.031433105
-0.052190065 0.023253620 0.998366535 48.317020416 0.025462601 0.999434829 -0.021947442 -2.692859888 -0.998312652 0.024275571 -0.052752614 88.021697998
-0.030712366 0.025655821 0.999199092 48.840446472 0.023237277 0.999418676 -0.024947224 -2.717667818 -0.999258280 0.022452479 -0.031290650 88.018623352
-0.006056190 0.028538778 0.999574304 49.357990265 0.021365348 0.999368191 -0.028403444 -2.744615316 -0.999753356 0.021184240 -0.006662011 88.029075623
0.021975338 0.030742910 0.999285698 49.890949249 0.019570135 0.999322355 -0.031174405 -2.757531881 -0.999566913 0.020241225 0.021358848 88.062576294
0.054993927 0.030003922 0.998035789 50.394008636 0.016930955 0.999376714 -0.030977167 -2.780075312 -0.998343110 0.018601254 0.054451644 88.113235474
0.093267381 0.027945232 0.995248914 50.886917114 0.016590886 0.999423623 -0.029617229 -2.798409224 -0.995502889 0.019274384 0.092750013 88.177970886
0.135318100 0.024505138 0.990499139 51.385902405 0.014127986 0.999544740 -0.026659038 -2.815324306 -0.990701497 0.017601209 0.134910285 88.272773743
0.180980802 0.020128554 0.983280718 51.887969971 0.011165781 0.999684036 -0.022519499 -2.837884903 -0.983423352 0.015054694 0.180698872 88.382461548
0.229888022 0.016619528 0.973075211 52.377174377 0.006975758 0.999800384 -0.018723993 -2.861315012 -0.973192096 0.011092358 0.229726195 88.521995544
0.281749368 0.015001564 0.959370792 52.842811584 0.003112423 0.999858201 -0.016548723 -2.880652428 -0.959483027 0.007648562 0.281662762 88.691070557
0.336499393 0.015312519 0.941559136 53.294441223 0.002322814 0.999851227 -0.017090660 -2.888478279 -0.941680729 0.007938063 0.336413801 88.886810303
0.394849539 0.015490000 0.918615282 53.721450806 0.004792443 0.999809504 -0.018919069 -2.904733181 -0.918733358 0.011872597 0.394700110 89.089950562
0.452944160 0.018849121 0.891339660 54.120201111 0.005450950 0.999699235 -0.023910560 -2.925305843 -0.891522288 0.015688796 0.452705145 89.345237732
0.513295412 0.022361455 0.857920706 54.519088745 0.006714928 0.999525249 -0.030069893 -2.937885761 -0.858185828 0.021195615 0.512901545 89.610069275
0.572136104 0.026503781 0.819730401 54.892742157 0.002652664 0.999412715 -0.034164771 -2.951497078 -0.820154428 0.021721369 0.571729779 89.905334473
0.627741218 0.029351931 0.777868569 55.227516174 -0.001379887 0.999329209 -0.036594912 -2.967334747 -0.778420925 0.021898765 0.627360582 90.227783203
0.680006742 0.033120081 0.732457519 55.553901672 -0.005457561 0.999180198 -0.040113941 -2.965792656 -0.733185589 0.023280324 0.679630041 90.585159302
0.726686895 0.029101335 0.686352193 55.781528473 -0.004707803 0.999289811 -0.037385430 -3.003786802 -0.686952770 0.023936294 0.726307869 90.926589966
0.772559404 0.026453800 0.634391189 56.054996490 -0.007652784 0.999447107 -0.032356922 -3.017130852 -0.634896398 0.020142786 0.772334695 91.309593201
0.814198077 0.021901235 0.580174029 56.301551819 -0.008676070 0.999635637 -0.025559947 -3.026912928 -0.580522418 0.015777228 0.814091444 91.707199097
0.850360394 0.021259524 0.525771081 56.525005341 -0.012310660 0.999713778 -0.020512620 -3.025152206 -0.526056707 0.010970533 0.850378752 92.145401001
0.883081019 0.019088661 0.468832076 56.753753662 -0.013816729 0.999796748 -0.014682209 -3.018221378 -0.469017059 0.006487855 0.883165300 92.574073792
0.906612873 0.015354914 0.421683878 56.848526001 -0.014301164 0.999881685 -0.005661770 -3.073596239 -0.421720922 -0.000897536 0.906725228 92.973556519
0.926660419 0.017752236 0.375480175 56.988208771 -0.018100362 0.999832809 -0.002600349 -3.079825878 -0.375463545 -0.004386686 0.926826775 93.420913696
0.942014933 0.023327066 0.334759176 57.113075256 -0.024900779 0.999689817 0.000409474 -3.088499784 -0.334645808 -0.008721493 0.942303658 93.882217407
0.953584254 0.027913140 0.299829870 57.217388153 -0.029028403 0.999578297 -0.000734891 -3.091468096 -0.299723953 -0.008002800 0.953992426 94.331359863
0.962663949 0.030647706 0.268958807 57.323829651 -0.031707987 0.999497116 -0.000402139 -3.094633579 -0.268835843 -0.008141017 0.963151574 94.791557312
0.968613505 0.025611160 0.247248828 57.431167603 -0.026104363 0.999658406 -0.001283623 -3.089098454 -0.247197241 -0.005210938 0.968951166 95.268127441
0.972723842 0.021323912 0.230984122 57.541751862 -0.022137536 0.999754488 0.000930939 -3.111772060 -0.230907574 -0.006018966 0.972957075 95.759933472
0.974900603 0.026413698 0.221068189 57.602939606 -0.027179340 0.999630511 0.000421665 -3.116165638 -0.220975369 -0.006419568 0.975258291 96.251739502
0.977101207 0.029889235 0.210665315 57.707534790 -0.030836424 0.999523699 0.001211908 -3.115987539 -0.210528761 -0.007680321 0.977557480 96.753524780
0.978215396 0.037444238 0.204187706 57.802238464 -0.038212795 0.999269605 -0.000178992 -3.117699385 -0.204045281 -0.007627490 0.978931725 97.267288208
0.978629887 0.043482084 0.200979874 57.897972107 -0.043536060 0.999043226 -0.004153608 -3.117734194 -0.200968191 -0.004685027 0.979586542 97.786125183
0.978594065 0.044568326 0.200916111 57.990596771 -0.044237085 0.999002218 -0.006140411 -3.130940437 -0.200989306 -0.002878972 0.979589224 98.322479248
0.978028834 0.043280993 0.203927293 58.096725464 -0.042035438 0.999061584 -0.010437563 -3.133761168 -0.204187676 0.001636064 0.978930414 98.852836609
0.977458417 0.041167103 0.207075641 58.226108551 -0.038622372 0.999120653 -0.016318377 -3.147650719 -0.207565323 0.007952782 0.978188813 99.382171631
0.976535201 0.041738901 0.211274534 58.345863342 -0.038142320 0.999050140 -0.021071827 -3.153885603 -0.211953372 0.012518881 0.977199614 99.945205688
0.975280464 0.046722941 0.215974450 58.463268280 -0.043292031 0.998850226 -0.020592006 -3.167705774 -0.216688246 0.010733009 0.976181865 100.528335571
0.973932683 0.050026756 0.221252039 58.589660645 -0.047559142 0.998732626 -0.016469670 -3.185560703 -0.221795559 0.005517794 0.975077569 101.101554871
0.972949982 0.046781395 0.226229504 58.729713440 -0.045265380 0.998904288 -0.011886965 -3.198928356 -0.226537704 0.001325057 0.974001467 101.714233398
0.972280264 0.042485688 0.229926184 58.880577087 -0.042178839 0.999090493 -0.006251556 -3.211599827 -0.229982674 -0.003619755 0.973187983 102.328140259
0.971500218 0.040047619 0.233631060 59.032665253 -0.040817048 0.999165475 -0.001542712 -3.221559286 -0.233497858 -0.008037385 0.972324073 102.952857971
0.970953524 0.035024378 0.236690745 59.191387177 -0.035799507 0.999358475 -0.001023484 -3.229098320 -0.236574754 -0.007479656 0.971584499 103.583572388
0.970998168 0.031516220 0.237000480 59.353591919 -0.031383432 0.999498010 -0.004333928 -3.234832048 -0.237018108 -0.003229653 0.971499860 104.233039856
0.971115947 0.031332988 0.236541778 59.515678406 -0.029548245 0.999501884 -0.011087301 -3.247685909 -0.236771345 0.003777661 0.971558034 104.878669739
0.971191108 0.033573911 0.235925019 59.668041229 -0.030229637 0.999384820 -0.017778967 -3.257884502 -0.236376792 0.010134847 0.971608639 105.539833069
0.971800447 0.036303706 0.232993543 59.824489594 -0.032176491 0.999251127 -0.021491550 -3.269167423 -0.233599275 0.013388584 0.972240806 106.216918945
0.972388268 0.034772661 0.230763659 59.977050781 -0.031670023 0.999351442 -0.017136790 -3.281718254 -0.231209889 0.009355323 0.972858906 106.904808044
0.972868681 0.030724138 0.229308814 60.154281616 -0.029351454 0.999525011 -0.009395337 -3.297306776 -0.229488552 0.002409882 0.973308384 107.599395752
0.973459959 0.031480763 0.226681858 60.319152832 -0.031434704 0.999498546 -0.003813955 -3.308053732 -0.226688251 -0.003412944 0.973961413 108.322090149
0.973727703 0.034478780 0.225090265 60.475681305 -0.034403097 0.999398947 -0.004259661 -3.325718164 -0.225101843 -0.003596052 0.974328578 109.047874451
0.974011421 0.040415306 0.222864121 60.630847931 -0.039397635 0.999182940 -0.009012401 -3.332685471 -0.223046273 -0.000002136 0.974807858 109.776947021
0.974832296 0.041063238 0.219125122 60.786701202 -0.038882054 0.999142051 -0.014259096 -3.346491814 -0.219522655 0.005380192 0.975592554 110.524261475
0.975778162 0.039546665 0.215158075 60.951629639 -0.036718853 0.999178886 -0.017125724 -3.359277725 -0.215658665 0.008810553 0.976429045 111.282241821
0.976660430 0.037592079 0.211474046 61.114437103 -0.035056975 0.999261558 -0.015725615 -3.372071743 -0.211909041 0.007944946 0.977257073 112.058776855
0.977536261 0.033749513 0.208047554 61.276206970 -0.031664107 0.999409437 -0.013346811 -3.396028996 -0.208375141 0.006459353 0.978027642 112.837501526
0.977977455 0.032315478 0.206193641 61.448593140 -0.030780463 0.999469459 -0.010648900 -3.411194086 -0.206428379 0.004067649 0.978453279 113.631530762
0.978346527 0.029159522 0.204909280 61.614658356 -0.028048001 0.999571919 -0.008327464 -3.422112942 -0.205064371 0.002399850 0.978745520 114.429718018
0.978528500 0.024816869 0.204612151 61.782325745 -0.023863060 0.999689817 -0.007128060 -3.438650370 -0.204725578 0.002092339 0.978817165 115.226303101
0.978676140 0.025075922 0.203872934 61.948867798 -0.024441831 0.999685407 -0.005627993 -3.449168682 -0.203949928 0.000524956 0.978981197 116.035072327
0.978470266 0.029885232 0.204212531 62.116016388 -0.028965743 0.999552310 -0.007490898 -3.461848497 -0.204344988 0.001414453 0.978897929 116.861503601
0.978171110 0.035859909 0.204683527 62.278011322 -0.034354731 0.999350250 -0.010903667 -3.475151539 -0.204941541 0.003633804 0.978767455 117.677246094
0.977607250 0.044554688 0.205667168 62.438098907 -0.042875323 0.999000728 -0.012617196 -3.484111071 -0.206023812 0.003516616 0.978540659 118.507080078
0.976780117 0.049911059 0.208349481 62.604049683 -0.048493039 0.998752475 -0.011911517 -3.505993366 -0.208684087 0.001531435 0.977981925 119.349357605
0.975943148 0.052651297 0.211572245 62.765815735 -0.051707879 0.998612225 -0.009993169 -3.523683071 -0.211804792 -0.001187187 0.977311254 120.181396484
0.975425363 0.052595876 0.213960454 62.946430206 -0.051509354 0.998615682 -0.010654022 -3.547827244 -0.214224622 -0.000628762 0.976784229 121.018020630
0.975078464 0.051074259 0.215901300 63.124050140 -0.049263973 0.998690963 -0.013761661 -3.558208466 -0.216321543 0.002782544 0.976318240 121.852531433
0.975089431 0.045157697 0.217166692 63.317714691 -0.043558743 0.998977005 -0.012146570 -3.581290245 -0.217493042 0.002384485 0.976058960 122.691162109
0.975315094 0.038613714 0.217415467 63.512298584 -0.036540262 0.999240279 -0.013550599 -3.607319355 -0.217773527 0.005271685 0.975985110 123.526069641
0.975111365 0.037623186 0.218500212 63.700111389 -0.035490051 0.999276400 -0.013680588 -3.628889084 -0.218856812 0.005585514 0.975741029 124.363441467
0.974559367 0.040043902 0.220523387 63.881767273 -0.038604092 0.999195814 -0.010836584 -3.647137403 -0.220779985 0.002047790 0.975321472 125.209732056
0.974187374 0.041970484 0.221805081 64.065811157 -0.041894279 0.999109268 -0.005050475 -3.664679527 -0.221819490 -0.004372254 0.975077927 126.054519653
0.973800123 0.045595206 0.222787857 64.245788574 -0.046569437 0.998914659 -0.000881547 -3.685796499 -0.222586259 -0.009516655 0.974866569 126.905296326
0.973494947 0.045268647 0.224183843 64.428642273 -0.044804711 0.998970091 -0.007158705 -3.708625078 -0.224277020 -0.003075530 0.974520564 127.741012573
0.973880112 0.040574357 0.223408282 64.627555847 -0.036658756 0.999093354 -0.021647973 -3.725132704 -0.224084079 0.012892660 0.974484503 128.536697388
