1.000000000 0.000000000 0.000000000 0.000000000 0.000000000 1.000000000 0.000000000 0.000000000 0.000000000 0.000000000 1.000000000 0.000000000
0.999996901 0.002481046 0.000286150 -0.013016124 -0.002481503 0.999995649 0.001608943 -0.017316537 -0.000282156 -0.001609648 0.999998689 0.763948083
0.999986053 0.005232013 0.000727137 -0.019334717 -0.005233557 0.999984026 0.002137762 -0.033143021 -0.000715941 -0.002141537 0.999997437 1.531410694
0.999978244 0.006469174 0.001301514 -0.027805420 -0.006471740 0.999977112 0.001976857 -0.050045799 -0.001288696 -0.001985237 0.999997199 2.269584179
0.999964654 0.008312878 0.001266479 -0.033122301 -0.008314861 0.999964178 0.001568343 -0.061294075 -0.001253397 -0.001578818 0.999997973 2.991642475
0.999961972 0.008537718 0.001771084 -0.040411383 -0.008540256 0.999962509 0.001430501 -0.076419458 -0.001758805 -0.001445572 0.999997437 3.703379393
0.999960363 0.008660150 0.002059605 -0.041671563 -0.008664940 0.999959767 0.002328632 -0.087370023 -0.002039356 -0.002346386 0.999995172 4.401767731
0.999950945 0.009536502 0.002668441 -0.045344096 -0.009550196 0.999941051 0.005166910 -0.100391686 -0.002619009 -0.005192141 0.999983072 5.079113483
0.999944985 0.009443394 0.004565906 -0.058421642 -0.009483759 0.999915421 0.008901205 -0.104579739 -0.004481462 -0.008944017 0.999949932 5.736779690
0.999947071 0.008481788 0.005826901 -0.056020353 -0.008554481 0.999884427 0.012565780 -0.115964063 -0.005719648 -0.012614961 0.999904096 6.364728928
0.999945879 0.007864689 0.006806608 -0.054428019 -0.007967776 0.999851942 0.015252892 -0.128985062 -0.006685641 -0.015306300 0.999860525 6.966276646
0.999933839 0.008500198 0.007751091 -0.038704928 -0.008612697 0.999856353 0.014598038 -0.133392036 -0.007625891 -0.014663830 0.999863386 7.560673237
0.999918163 0.009303991 0.008781773 -0.039996311 -0.009409816 0.999882698 0.012087176 -0.142155081 -0.008668283 -0.012168821 0.999888361 8.103674889
0.999910355 0.009105144 0.009816919 -0.039185178 -0.009194826 0.999916077 0.009129370 -0.146705046 -0.009732971 -0.009218816 0.999910116 8.631150246
0.999905944 0.007558526 0.011443595 -0.032304145 -0.007646279 0.999941528 0.007644060 -0.154575080 -0.011385148 -0.007730842 0.999905288 9.127607346
0.999904156 0.003809509 0.013311629 -0.017879259 -0.003878419 0.999979198 0.005154681 -0.157101482 -0.013291716 -0.005205815 0.999898136 9.605322838
0.999879837 0.001814329 0.015396497 -0.017365666 -0.001879718 0.999989271 0.004233573 -0.166970849 -0.015388652 -0.004262005 0.999872506 10.043996811
0.999833226 0.006291819 0.017142875 -0.011159549 -0.006326417 0.999978065 0.001964689 -0.173443660 -0.017130136 -0.002072814 0.999851108 10.454186440
0.999745786 0.010261343 0.020075914 -0.008662664 -0.010291572 0.999946058 0.001402992 -0.186697185 -0.020060435 -0.001609248 0.999797463 10.829056740
0.999667525 0.010915102 0.023359537 -0.000901669 -0.010976220 0.999936640 0.002489761 -0.193550974 -0.023330882 -0.002745333 0.999724030 11.172093391
0.999630570 0.006601503 0.026366359 0.016033674 -0.006691874 0.999972045 0.003340781 -0.204966426 -0.026343565 -0.003515987 0.999646783 11.498400688
0.999571860 0.002116229 0.029181959 0.026785979 -0.002194883 0.999994040 0.002663502 -0.201646492 -0.029176150 -0.002726413 0.999570549 11.793906212
0.999496639 -0.001747580 0.031675860 0.045917466 0.001612905 0.999989569 0.004276704 -0.209327400 -0.031683002 -0.004223461 0.999489069 12.057833672
0.999416828 -0.002214296 0.034074146 0.054700561 0.002027175 0.999982655 0.005525135 -0.217735231 -0.034085792 -0.005452838 0.999404013 12.283032417
0.999339402 -0.001206347 0.036321994 0.059085790 0.001048754 0.999989927 0.004357523 -0.220279664 -0.036326885 -0.004316552 0.999330640 12.483522415
0.999262393 -0.000484040 0.038397744 0.069072135 0.000359156 0.999994636 0.003259213 -0.229771420 -0.038399115 -0.003243018 0.999257207 12.672396660
0.999147952 0.001843474 0.041230809 0.068424076 -0.001925746 0.999996245 0.001955755 -0.228780761 -0.041227050 -0.002033488 0.999147713 12.839985847
0.999061882 0.004777640 0.043041192 0.071178079 -0.004845116 0.999987185 0.001463519 -0.237257794 -0.043033648 -0.001670686 0.999072254 13.008172989
0.998992860 0.006315372 0.044423234 0.077635244 -0.006321785 0.999980032 0.000003870 -0.241520688 -0.044422321 -0.000284701 0.999012828 13.158070564
0.998908103 0.005265532 0.046420433 0.084432907 -0.005204007 0.999985397 -0.001446140 -0.251179576 -0.046427369 0.001202989 0.998920918 13.310004234
0.998865604 0.003559991 0.047485024 0.101578854 -0.003437808 0.999990582 -0.002654499 -0.258850515 -0.047494024 0.002488243 0.998868406 13.462024689
0.998804986 0.003286576 0.048762836 0.110122330 -0.003099607 0.999987543 -0.003909372 -0.257953227 -0.048775077 0.003753555 0.998802722 13.594447136
0.998719931 0.004065089 0.050418112 0.114959277 -0.003807834 0.999979258 -0.005197426 -0.262075156 -0.050438195 0.004998790 0.998714685 13.729030609
0.998640776 0.005141453 0.051866304 0.118545018 -0.004775248 0.999962807 -0.007182003 -0.265580922 -0.051901303 0.006924567 0.998628199 13.852584839
0.998594105 0.005311529 0.052740321 0.127158612 -0.004803237 0.999940813 -0.009759720 -0.263235509 -0.052789040 0.009492676 0.998560548 13.972785950
0.998560309 0.004375283 0.053461999 0.134989008 -0.003750148 0.999923468 -0.011787795 -0.271195859 -0.053509481 0.011570334 0.998500288 14.096857071
0.998598456 0.003487980 0.052810360 0.145861611 -0.002781880 0.999905825 -0.013438096 -0.279040873 -0.052852258 0.013272350 0.998514116 14.225541115
0.998695374 0.002969347 0.050977893 0.146321103 -0.002223807 0.999889851 -0.014675255 -0.280513674 -0.051015854 0.014542744 0.998591959 14.346924782
0.998848379 0.003046934 0.047881957 0.151162103 -0.002306313 0.999876976 -0.015515275 -0.283340126 -0.047923338 0.015386976 0.998732507 14.479337692
0.999031723 0.003600086 0.043847572 0.153088614 -0.002854049 0.999850333 -0.017065072 -0.282105565 -0.043902446 0.016923405 0.998892486 14.606302261
0.999269843 0.003526264 0.038044203 0.152581841 -0.002836231 0.999830782 -0.018176414 -0.285695285 -0.038101859 0.018055240 0.999110758 14.735903740
0.999501646 0.003685630 0.031350929 0.150321916 -0.003098704 0.999819398 -0.018749217 -0.289556950 -0.031414371 0.018642725 0.999332547 14.857250214
0.999696314 0.004061864 0.024305802 0.142351747 -0.003583415 0.999799609 -0.019695859 -0.290308207 -0.024380933 0.019602779 0.999510527 14.976153374
0.999863386 0.003722397 0.016103270 0.139528617 -0.003392612 0.999784946 -0.020458417 -0.297439277 -0.016175961 0.020400990 0.999661028 15.109184265
0.999977648 0.002632520 0.006148588 0.125955358 -0.002498338 0.999760747 -0.021729954 -0.299398929 -0.006204322 0.021714106 0.999744952 15.252320290
0.999974906 0.000834896 -0.007036012 0.119697265 -0.000999156 0.999726295 -0.023374503 -0.303525120 0.007014571 0.023380948 0.999702036 15.399160385
0.999733269 0.000225981 -0.023092931 0.100931831 -0.000813400 0.999676228 -0.025430961 -0.304589868 0.023079708 0.025442962 0.999409795 15.547441483
0.999098659 0.000720379 -0.042442616 0.084099114 -0.001839687 0.999651372 -0.026339121 -0.308516413 0.042408843 0.026393460 0.998751640 15.696354866
0.997926414 0.001538443 -0.064347178 0.049197704 -0.003223661 0.999654293 -0.026093844 -0.311588883 0.064284794 0.026247170 0.997586370 15.881145477
0.996120095 0.001872554 -0.087984614 0.004717124 -0.004035960 0.999693692 -0.024417002 -0.320259452 0.087911949 0.024677368 0.995822549 16.086067200
0.993355811 0.003271086 -0.115037203 -0.041444447 -0.005952301 0.999718428 -0.022971598 -0.326241225 0.114929669 0.023503706 0.993095517 16.310178757
0.989464641 0.004308495 -0.144710436 -0.117001995 -0.007337473 0.999764860 -0.020404115 -0.339227825 0.144588500 0.021250961 0.989263654 16.540098190
0.984156787 0.003847323 -0.177258730 -0.202337995 -0.007022118 0.999825895 -0.017286662 -0.337852597 0.177161366 0.018257517 0.984012485 16.780958176
0.976727605 0.005155188 -0.214421719 -0.274117619 -0.008185488 0.999878764 -0.013246930 -0.345212877 0.214327425 0.014693788 0.976651371 17.024475098
0.967264295 0.006786854 -0.253680438 -0.392067194 -0.009132989 0.999925733 -0.008071826 -0.345458031 0.253606796 0.010124450 0.967254400 17.287210464
0.955445230 0.010763989 -0.294972181 -0.523731172 -0.012269334 0.999919415 -0.003253034 -0.349611253 0.294913411 0.006727208 0.955500305 17.561971664
0.941249311 0.014348785 -0.337407619 -0.649521410 -0.014781168 0.999889910 0.001287591 -0.354197949 0.337388963 0.003775334 0.941357791 17.830074310
0.924591720 0.016793838 -0.380589187 -0.801652908 -0.015227419 0.999858677 0.007126628 -0.358013719 0.380655080 -0.000793830 0.924716771 18.106668472
0.905333102 0.020330066 -0.424215406 -0.967795134 -0.015432814 0.999768734 0.014977124 -0.365632594 0.424421787 -0.007012448 0.905437469 18.384941101
0.883455276 0.024694012 -0.467864364 -1.161834598 -0.016628807 0.999633551 0.021361230 -0.360288858 0.468220383 -0.011091665 0.883542120 18.673145294
0.858809710 0.030624030 -0.511378646 -1.355805635 -0.019957304 0.999453902 0.026336223 -0.367806554 0.511905909 -0.012412068 0.858951926 18.926609039
0.830709040 0.033516519 -0.555697024 -1.580612183 -0.020558670 0.999352098 0.029542232 -0.364719391 0.556327105 -0.013116610 0.830859900 19.203338623
0.799916685 0.037401054 -0.598944485 -1.827081442 -0.023122543 0.999235749 0.031516045 -0.364329964 0.599665523 -0.011361093 0.800170124 19.461414337
0.765879691 0.040193491 -0.641726434 -2.092935562 -0.023534771 0.999127865 0.034490768 -0.354505748 0.642553091 -0.011312894 0.766157687 19.734136581
0.728934586 0.043883309 -0.683175445 -2.404251814 -0.024433155 0.998975217 0.038098808 -0.338360667 0.684147239 -0.011079411 0.729259789 20.008829117
0.690354049 0.043920524 -0.722137272 -2.748964787 -0.021674369 0.998963118 0.040036701 -0.311641514 0.723146975 -0.011987630 0.690590143 20.283355713
0.649240494 0.043747704 -0.759324074 -3.103734493 -0.019162543 0.998968363 0.041170139 -0.295527905 0.760341823 -0.012178746 0.649409056 20.549720764
0.607448220 0.042506881 -0.793221235 -3.485616207 -0.013546126 0.998976350 0.043159213 -0.282953441 0.794243813 -0.015471917 0.607402205 20.785921097
0.563064873 0.042647749 -0.825311601 -3.883436441 -0.009083680 0.998926580 0.045421965 -0.268660188 0.826362848 -0.018078649 0.562847853 21.016729355
0.516281366 0.044075999 -0.855284095 -4.307314873 -0.006814371 0.998854578 0.047361318 -0.250967681 0.856391966 -0.018623544 0.515990376 21.235189438
0.466623783 0.043622676 -0.883379579 -4.765721798 -0.005914638 0.998914540 0.046203718 -0.226790249 0.884436190 -0.016334884 0.466375291 21.430635452
0.414276779 0.042610954 -0.909152985 -5.256069183 -0.000227771 0.998908281 0.046713896 -0.208442569 0.910150945 -0.019145407 0.413834214 21.625595093
0.360253394 0.041582122 -0.931927204 -5.754393578 0.004244390 0.998922646 0.046212167 -0.183974922 0.932844818 -0.020603552 0.359688759 21.792743683
0.306520164 0.040424414 -0.951005459 -6.280575275 0.007675109 0.998960376 0.044936616 -0.161585152 0.951833308 -0.021073053 0.305891216 21.936189651
0.252927840 0.046112835 -0.966385663 -6.840228558 0.008748253 0.998713672 0.049945071 -0.131972253 0.967445672 -0.021086687 0.252199054 22.047210693
0.202160060 0.051102921 -0.978018343 -7.429030418 0.010528005 0.998466551 0.054347552 -0.101825774 0.979295909 -0.021283491 0.201312065 22.128643036
0.153851449 0.052410040 -0.986703098 -8.027326584 0.016062196 0.998327732 0.055531994 -0.075980783 0.987963498 -0.024392297 0.152752340 22.202541351
0.109628797 0.053813308 -0.992514849 -8.641594887 0.018752925 0.998243690 0.056195289 -0.055536151 0.993795693 -0.024773186 0.108427107 22.243598938
0.069059730 0.051923115 -0.996260405 -9.284213066 0.018325916 0.998410106 0.053305484 -0.024015129 0.997444272 -0.021938650 0.067998409 22.259065628
0.033562124 0.047727533 -0.998296380 -9.910495758 0.016260037 0.998700857 0.048293520 0.007089019 0.999304354 -0.017853169 0.032742441 22.255971909
0.005277276 0.047589459 -0.998853207 -10.586631775 0.013725071 0.998769403 0.047657989 0.042198420 0.999892056 -0.013960840 0.004617572 22.232196808
-0.015696645 0.051922735 -0.998527825 -11.283962250 0.012226324 0.998586059 0.051733576 0.071081877 0.999802172 -0.011396288 -0.016309261 22.199630737
-0.028779387 0.057976957 -0.997902989 -11.993674278 0.014617758 0.998234212 0.057574626 0.101850033 0.999478877 -0.012930144 -0.029576063 22.175937653
-0.036783099 0.060636658 -0.997482061 -12.732184410 0.014196973 0.998088360 0.060149997 0.134399712 0.999222517 -0.011948730 -0.037573695 22.137372971
-0.040645123 0.057798486 -0.997500598 -13.494753838 0.015157569 0.998246312 0.057224076 0.167763352 0.999058723 -0.012793809 -0.041449904 22.104598999
-0.039731503 0.053850051 -0.997758448 -14.274400711 0.022459576 0.998342574 0.052987237 0.206237793 0.998958111 -0.020303976 -0.040875077 22.077941895
-0.035623789 0.052324403 -0.997994661 -15.084082603 0.034629483 0.998093307 0.051093470 0.249747694 0.998765230 -0.032739896 -0.037367821 22.066274643
-0.029829025 0.052540433 -0.998173356 -15.902463913 0.034870137 0.998064399 0.051492665 0.285469055 0.998946726 -0.033270467 -0.031603456 22.037357330
-0.024816632 0.051176798 -0.998381376 -16.762348175 0.033163916 0.998181283 0.050342202 0.317374289 0.999141872 -0.031860914 -0.026468754 22.014570236
-0.021832824 0.044629857 -0.998765171 -17.632980347 0.036825724 0.998361051 0.043806810 0.355755746 0.999083340 -0.035823826 -0.023440599 22.007619858
-0.019550085 0.033722874 -0.999240041 -18.514343262 0.034468967 0.998859644 0.033035651 0.390832454 0.999214590 -0.033796925 -0.020690203 21.980165482
-0.018982410 0.025642382 -0.999491036 -19.402811050 0.026979351 0.999320149 0.025125610 0.411329955 0.999455869 -0.026488677 -0.019661307 21.945789337
-0.019896746 0.022382131 -0.999551594 -20.342309952 0.021105776 0.999536037 0.021961661 0.444436669 0.999579370 -0.020659344 -0.020359993 21.907388687
-0.023479342 0.028846743 -0.999308050 -21.289016724 0.012000167 0.999519706 0.028570902 0.455798864 0.999652267 -0.011321037 -0.023814201 21.866348267
-0.028385639 0.037015934 -0.998911560 -22.253744125 0.007263134 0.999295354 0.036823768 0.480843574 0.999570727 -0.006209967 -0.028634429 21.816465378
-0.032824993 0.046486687 -0.998379588 -23.241558075 0.005809316 0.998909771 0.046320379 0.515397131 0.999444366 -0.004279440 -0.033059239 21.769456863
-0.034811616 0.056547690 -0.997792840 -24.269599915 0.004550118 0.998396575 0.056423161 0.552913070 0.999383569 -0.002575891 -0.035013080 21.742788315
-0.035654068 0.064288571 -0.997294188 -25.287616730 0.006434734 0.997922778 0.064099044 0.598362625 0.999343455 -0.004131932 -0.035993695 21.699428558
-0.036897659 0.065028578 -0.997201085 -26.312299728 0.007153334 0.997872114 0.064807661 0.652937651 0.999293566 -0.004742067 -0.037284374 21.655138016
-0.038915873 0.062175203 -0.997306287 -27.323623657 0.006138529 0.998058379 0.061982561 0.705750465 0.999223650 -0.003709893 -0.039222002 21.617422104
-0.041836262 0.057294250 -0.997480452 -28.341362000 0.006056643 0.998350680 0.057090212 0.753158867 0.999106169 -0.003652946 -0.042114258 21.568601608
-0.046163797 0.052333672 -0.997562170 -29.369050980 0.005606893 0.998624563 0.052129947 0.793340683 0.998918235 -0.003186713 -0.046393633 21.505680084
-0.051771879 0.047674861 -0.997520328 -30.395294189 0.005923637 0.998856962 0.047431301 0.834819317 0.998641372 -0.003453341 -0.051995158 21.452066422
-0.058334589 0.045776255 -0.997247100 -31.415107727 0.005041200 0.998948932 0.045559488 0.874153376 0.998284400 -0.002369629 -0.058503985 21.372949600
-0.064899921 0.048299562 -0.996722341 -32.445377350 0.005731767 0.998829544 0.048028469 0.912134409 0.997875452 -0.002595945 -0.065100789 21.299263000
-0.071413517 0.052992348 -0.996038139 -33.529090881 0.004255326 0.998594820 0.052823275 0.955373347 0.997437775 -0.000466175 -0.071538687 21.220867157
-0.077628851 0.055830918 -0.995417833 -34.585189819 0.001492801 0.998436153 0.055883795 0.999957561 0.996981263 0.002852236 -0.077590823 21.127708435
-0.082389116 0.058073889 -0.994906783 -35.653862000 -0.001671683 0.998291314 0.058409881 1.047713280 0.996598899 0.006475504 -0.082151175 21.028514862
-0.084934950 0.059354499 -0.994617045 -36.720394135 -0.006388090 0.998171210 0.060112100 1.095127106 0.996366024 0.011459324 -0.084400535 20.930255890
-0.086750150 0.060508076 -0.994391024 -37.792522430 -0.010498953 0.998042822 0.061646219 1.147888899 0.996174932 0.015787866 -0.085945010 20.826541901
-0.087815046 0.060013905 -0.994327486 -38.871513367 -0.011895699 0.998049140 0.061289120 1.197831154 0.996065915 0.017210318 -0.086929917 20.714080811
-0.089101791 0.059532467 -0.994241774 -39.953945160 -0.012199778 0.998072028 0.060855132 1.241302013 0.995947838 0.017551828 -0.088203788 20.603946686
-0.090298414 0.058788128 -0.994178176 -41.039943695 -0.013252252 0.998096943 0.060223527 1.294342518 0.995826602 0.018613191 -0.089347601 20.498264313
-0.091040254 0.057826221 -0.994166911 -42.128494263 -0.015454636 0.998110414 0.059470847 1.345005751 0.995727360 0.020778725 -0.089974642 20.386981964
-0.091744542 0.055245053 -0.994248927 -43.214103699 -0.020229358 0.998150408 0.057328507 1.395111084 0.995577097 0.025372595 -0.090457320 20.273670197
-0.092181563 0.050320920 -0.994469881 -44.307144165 -0.025220297 0.998283863 0.052851681 1.442534328 0.995422781 0.029952776 -0.090754271 20.161659241
-0.091265202 0.049728569 -0.994584382 -45.423233032 -0.026828555 0.998267055 0.052374549 1.489696741 0.995465398 0.031463221 -0.089772820 20.045703888
-0.089521646 0.053651180 -0.994538784 -46.544883728 -0.028148543 0.998012960 0.056372333 1.538832903 0.995587051 0.033041362 -0.087833524 19.940109253
-0.087348461 0.056949731 -0.994548678 -47.652172089 -0.028100902 0.997826397 0.059605449 1.584492922 0.995781422 0.033154160 -0.085558295 19.832607269
-0.085463524 0.056561254 -0.994734704 -48.750312805 -0.026571905 0.997902811 0.059024349 1.636924863 0.995987058 0.031476408 -0.083781362 19.720638275
-0.083495021 0.055406418 -0.994966745 -49.876945496 -0.026286392 0.997983217 0.057780281 1.690134048 0.996161461 0.030978449 -0.081870198 19.637790680
-0.079536080 0.055930499 -0.995261610 -50.999885559 -0.030878721 0.997807324 0.058541223 1.743812323 0.996353507 0.035388552 -0.077634692 19.534168243
-0.073447704 0.056712728 -0.995685279 -52.155158997 -0.035564743 0.997597814 0.059445135 1.798323154 0.996664762 0.039777398 -0.071254373 19.431835175
-0.067698836 0.056365084 -0.996112525 -53.283988953 -0.039624345 0.997463286 0.059134509 1.843215704 0.996918797 0.043473627 -0.065293670 19.349822998
-0.062299728 0.055513617 -0.996512473 -54.406120300 -0.040992286 0.997467101 0.058129545 1.895438194 0.997215390 0.044470776 -0.059866309 19.273002625
-0.056139112 0.054835040 -0.996916115 -55.552085876 -0.040317014 0.997551739 0.057140369 1.945366859 0.997608721 0.043400478 -0.053790808 19.203163147
-0.050727367 0.054560013 -0.997221172 -56.693733215 -0.039092120 0.997632980 0.056571111 1.993103385 0.997947216 0.041853189 -0.048474431 19.139999390
-0.044944525 0.055127166 -0.997467399 -57.852218628 -0.037892576 0.997663677 0.056845404 2.048705578 0.998270690 0.040351488 -0.042750597 19.079360962
-0.039138675 0.056585994 -0.997630417 -58.996765137 -0.037146289 0.997622788 0.058042876 2.103738785 0.998543203 0.039329983 -0.036943674 19.025444031
-0.033473969 0.057956461 -0.997757852 -60.160026550 -0.037920423 0.997524738 0.059215125 2.151229620 0.998720050 0.039817560 -0.031193376 18.981960297
-0.028773189 0.057126515 -0.997952342 -61.317592621 -0.037479371 0.997601926 0.058187068 2.199601173 0.998883188 0.039076842 -0.026563168 18.954643250
-0.024119258 0.052415103 -0.998334229 -62.467105865 -0.037628375 0.997869372 0.053299777 2.250100136 0.999000847 0.038851231 -0.022095561 18.926986694
-0.019482613 0.047244422 -0.998693526 -63.633346558 -0.037453350 0.998147368 0.047949228 2.292933464 0.999108613 0.038338576 -0.017677069 18.897438049
-0.015682697 0.046897516 -0.998776734 -64.796363831 -0.037050933 0.998186171 0.047451556 2.334942818 0.999190450 0.037749767 -0.013916731 18.873893738
-0.012133241 0.048989903 -0.998725653 -65.979858398 -0.036575902 0.998108923 0.049404006 2.378226280 0.999257267 0.037128720 -0.010318518 18.846046448
-0.009851217 0.048556089 -0.998771906 -67.148246765 -0.037211247 0.998110712 0.048890974 2.423621655 0.999258876 0.037647177 -0.008025765 18.822357178
-0.008457065 0.048269838 -0.998798609 -68.319725037 -0.038919818 0.998061538 0.048563763 2.469246387 0.999206662 0.039283760 -0.006561995 18.799621582
-0.008252859 0.049428012 -0.998743594 -69.503166199 -0.039602544 0.997977853 0.049717359 2.501060963 0.999181449 0.039963096 -0.006278634 18.794128418
-0.006882906 0.048899464 -0.998780072 -70.682197571 -0.040360752 0.997976184 0.049138244 2.543347836 0.999161601 0.040649723 -0.004895329 18.776359558
-0.006071329 0.046916649 -0.998880506 -71.875724792 -0.040547337 0.998065710 0.047124829 2.582879543 0.999159276 0.040788043 -0.004157305 18.767112732
-0.005018711 0.046133138 -0.998922706 -73.052604675 -0.038860451 0.998171687 0.046293695 2.614977121 0.999232054 0.039050926 -0.003216863 18.747940063
-0.004167438 0.045857321 -0.998939395 -74.233978271 -0.035864010 0.998298466 0.045977514 2.654008150 0.999348044 0.036017571 -0.002515674 18.734527588
-0.004656196 0.046788052 -0.998894155 -75.429222107 -0.033250522 0.998345196 0.046917338 2.688302279 0.999436378 0.033432197 -0.003092766 18.739494324
-0.004402399 0.049645185 -0.998757243 -76.611824036 -0.033036396 0.998214483 0.049763829 2.726109743 0.999444485 0.033214420 -0.002754450 18.729072571
-0.004407406 0.053196944 -0.998574376 -77.797416687 -0.035172921 0.997957885 0.053319350 2.765852451 0.999371588 0.035357773 -0.002527356 18.722999573
-0.003660202 0.053069774 -0.998584211 -78.978584290 -0.037477814 0.997881949 0.053169824 2.811329126 0.999290884 0.037619360 -0.001663566 18.710212708
-0.003137946 0.050471064 -0.998720765 -80.153060913 -0.039206155 0.997951388 0.050555371 2.857605934 0.999226391 0.039314628 -0.001152754 18.698043823
-0.003485560 0.048746035 -0.998805106 -81.338737488 -0.038264468 0.998073220 0.048843846 2.891386509 0.999261558 0.038388997 -0.001613617 18.696990967
-0.002989888 0.048304603 -0.998828173 -82.520370483 -0.035802197 0.998187125 0.048380770 2.931531191 0.999354422 0.035904892 -0.001255035 18.684944153
-0.003578305 0.049699821 -0.998757958 -83.706169128 -0.034546040 0.998161852 0.049793929 2.964960098 0.999396861 0.034681290 -0.001854777 18.686714172
-0.002887487 0.052349467 -0.998624742 -84.876159668 -0.033822794 0.998052299 0.052417263 3.006424904 0.999423802 0.033927627 -0.001111269 18.675102234
-0.002544045 0.054884449 -0.998489618 -86.056549072 -0.034481507 0.997894108 0.054939572 3.043813705 0.999402225 0.034569185 -0.000646234 18.671073914
-0.002498031 0.054966845 -0.998485088 -87.249160767 -0.036304880 0.997824967 0.055021331 3.086654186 0.999337673 0.036387324 -0.000496984 18.652999878
-0.002486229 0.052798133 -0.998602271 -88.424125671 -0.035797622 0.997960448 0.052853327 3.131381512 0.999356091 0.035878982 -0.000591159 18.653976440
-0.002374649 0.051429693 -0.998673856 -89.596847534 -0.033920869 0.998097777 0.051480684 3.174008608 0.999421716 0.033998128 -0.000625610 18.646484375
-0.001782417 0.052628793 -0.998612523 -90.729370117 -0.032467827 0.998084605 0.052658923 3.208890915 0.999471128 0.032516643 -0.000070214 18.636077881
-0.002018332 0.055230547 -0.998471737 -91.906524658 -0.029924011 0.998023152 0.055266228 3.258151054 0.999550283 0.029989814 -0.000361681 18.639602661
-0.001685619 0.057433605 -0.998347938 -93.094932556 -0.028426174 0.997943103 0.057458311 3.305467844 0.999594510 0.028476059 -0.000049472 18.631774902
-0.000921965 0.059550673 -0.998224854 -94.258728027 -0.029958883 0.997775555 0.059551541 3.348559141 0.999550700 0.029960612 0.000864089 18.626045227
-0.000419378 0.061495624 -0.998107255 -95.428825378 -0.033041164 0.997561514 0.061475888 3.402850628 0.999453902 0.033004411 0.001613498 18.609222412
-0.000182271 0.060913838 -0.998143137 -96.584075928 -0.034855984 0.997536123 0.060883164 3.446980000 0.999392450 0.034802347 0.001941383 18.602073669
-0.000270367 0.056612067 -0.998396277 -97.724380493 -0.036555324 0.997728407 0.056584097 3.494299412 0.999331653 0.036511995 0.001799703 18.596069336
0.000087678 0.055001009 -0.998486400 -98.890228271 -0.038021237 0.997764528 0.054957908 3.540836573 0.999277055 0.037958857 0.002178669 18.586242676
0.000321686 0.053215809 -0.998583138 -100.064208984 -0.038163908 0.997856200 0.053164776 3.586679935 0.999271572 0.038092721 0.002351880 18.578536987
0.000561178 0.053812511 -0.998550892 -101.200515747 -0.036620248 0.997882366 0.053755909 3.622453690 0.999329090 0.036537014 0.002530634 18.582946777
0.000352561 0.055946730 -0.998433888 -102.354270935 -0.036517166 0.997768521 0.055896558 3.669092417 0.999333143 0.036440253 0.002394795 18.579696655
0.000257969 0.058126040 -0.998309195 -103.510238647 -0.035589118 0.997677386 0.058080059 3.708018780 0.999366462 0.035513964 0.002326012 18.583023071
-0.000296950 0.056897111 -0.998380005 -104.679656982 -0.039352685 0.997606039 0.056864709 3.763265371 0.999225318 0.039305821 0.001942754 18.571517944
-0.000303864 0.058502804 -0.998287261 -105.845642090 -0.043063983 0.997360408 0.058461595 3.810728550 0.999072313 0.043007988 0.002216280 18.560935974
-0.000458241 0.057442900 -0.998348832 -107.017272949 -0.046654060 0.997260451 0.057401694 3.861841679 0.998911142 0.046603315 0.002222955 18.550636292
-0.000829339 0.053514365 -0.998566866 -108.193992615 -0.047625728 0.997431815 0.053493094 3.912253857 0.998865008 0.047601823 0.001721442 18.545654297
-0.001306534 0.049700920 -0.998763323 -109.363800049 -0.047114752 0.997651935 0.049707253 3.956462383 0.998888671 0.047121432 0.001038134 18.535385132
-0.002356172 0.048678834 -0.998811841 -110.559150696 -0.043875560 0.997847557 0.048735343 4.004518509 0.999034345 0.043938249 -0.000215292 18.528999329
-0.002452970 0.048052054 -0.998841822 -111.723083496 -0.039675638 0.998053670 0.048111577 4.040904999 0.999209583 0.039747704 -0.000541687 18.529228210
-0.002727985 0.049931243 -0.998749018 -112.936058044 -0.039333928 0.997974396 0.049999952 4.086891651 0.999222457 0.039421119 -0.000758410 18.514427185
-0.003415704 0.053707689 -0.998550951 -114.166519165 -0.037713464 0.997839391 0.053798422 4.133981705 0.999282837 0.037842564 -0.001382828 18.505210876
-0.004339218 0.054001834 -0.998531401 -115.380447388 -0.036183573 0.997878432 0.054123759 4.183016777 0.999335706 0.036365286 -0.002375960 18.503143311
-0.005355000 0.049747657 -0.998747647 -116.595497131 -0.036554646 0.998084486 0.049910620 4.231750011 0.999317467 0.036776118 -0.003526211 18.495010376
-0.006454945 0.046358444 -0.998904169 -117.844032288 -0.036618292 0.998243868 0.046564430 4.269984245 0.999308646 0.036878727 -0.004746079 18.487319946
-0.006477475 0.044387948 -0.998993337 -119.061210632 -0.035739545 0.998365819 0.044591796 4.319956779 0.999340117 0.035992410 -0.004880428 18.471313477
-0.007750630 0.045720149 -0.998924255 -120.304473877 -0.038008217 0.998218894 0.045982771 4.363275051 0.999247372 0.038323723 -0.005999088 18.459365845
-0.007905960 0.050540805 -0.998690784 -121.575798035 -0.042206544 0.997815013 0.050830606 4.403730392 0.999077737 0.042553145 -0.005755544 18.434402466
-0.007461190 0.053386956 -0.998546004 -122.831954956 -0.048064232 0.997400522 0.053684853 4.455558300 0.998816371 0.048394904 -0.004875779 18.401977539
-0.007663012 0.053292826 -0.998549581 -124.094268799 -0.055306584 0.997027755 0.053636037 4.506474495 0.998440087 0.055637375 -0.004692793 18.375602722
-0.007170200 0.051355764 -0.998654723 -125.348144531 -0.058561727 0.996944726 0.051688295 4.554875374 0.998258054 0.058853555 -0.004140735 18.349365234
-0.007631540 0.049923133 -0.998723865 -126.622528076 -0.061381854 0.996846199 0.050298311 4.603886604 0.998085141 0.061687380 -0.004543066 18.329971313
-0.008313298 0.049182571 -0.998755276 -127.881233215 -0.061559599 0.996870100 0.049602140 4.647445202 0.998068869 0.061895322 -0.005259633 18.312088013
-0.008631825 0.048833229 -0.998769820 -129.131423950 -0.059221894 0.997028708 0.049259927 4.682259083 0.998207688 0.059574228 -0.005714178 18.300476074
-0.009317636 0.049450722 -0.998733163 -130.391143799 -0.059299566 0.996991336 0.049917713 4.725996017 0.998196840 0.059689552 -0.006357193 18.286315918
-0.009883881 0.054553680 -0.998461962 -131.653945923 -0.059133381 0.996731341 0.055044487 4.770732880 0.998201191 0.059586473 -0.006625652 18.267395020
-0.010439992 0.058669087 -0.998222888 -132.915802002 -0.058325596 0.996541917 0.059180297 4.820726871 0.998243034 0.058839791 -0.006981969 18.247695923
-0.010709882 0.057618350 -0.998281360 -134.167053223 -0.058435876 0.996596217 0.058148015 4.869017601 0.998233855 0.058958191 -0.007306457 18.229278564
-0.009354949 0.055658191 -0.998406112 -135.430419922 -0.058291037 0.996721506 0.056110460 4.927515984 0.998255849 0.058723029 -0.006079793 18.210342407
-0.008171201 0.054960474 -0.998455167 -136.680297852 -0.057386979 0.996817052 0.055339951 4.978725910 0.998318672 0.057750519 -0.004991174 18.192092896
-0.007223487 0.054685548 -0.998477638 -137.933105469 -0.057773970 0.996812820 0.055012334 5.019024372 0.998303711 0.058083382 -0.004041076 18.176086426
-0.006471753 0.056811132 -0.998364031 -139.186660767 -0.057569597 0.996707797 0.057090074 5.066751480 0.998320580 0.057844877 -0.003179789 18.169128418
-0.005673647 0.060388215 -0.998158932 -140.440826416 -0.058508541 0.996444821 0.060617082 5.121077538 0.998270869 0.058744736 -0.002120256 18.157272339
-0.004590869 0.060734726 -0.998143435 -141.686798096 -0.060230102 0.996324956 0.060901105 5.183668137 0.998174012 0.060397871 -0.000916004 18.145416260
-0.003115892 0.058747523 -0.998268008 -142.950347900 -0.062093306 0.996335149 0.058827586 5.225519180 0.998065472 0.062169060 0.000543356 18.125198364
-0.003304005 0.055991188 -0.998425841 -144.188323975 -0.060691379 0.996579468 0.056088489 5.273375034 0.998151124 0.060781155 0.000105441 18.121124268
-0.003243923 0.054276478 -0.998520851 -145.439285278 -0.057571411 0.996859610 0.054373205 5.317555428 0.998336256 0.057662614 -0.000108957 18.123306274
-0.003612161 0.053676143 -0.998551905 -146.688247681 -0.056250371 0.996966422 0.053794391 5.366832733 0.998410225 0.056363218 -0.000581861 18.117675781
-0.003624201 0.054013357 -0.998533785 -147.934753418 -0.053871714 0.997079611 0.054130223 5.408612251 0.998541415 0.053988885 -0.000703812 18.111465454
-0.004092455 0.052549399 -0.998609900 -149.166275024 -0.051946603 0.997258842 0.052691184 5.455665112 0.998641431 0.052090026 -0.001351476 18.107223511
-0.003528357 0.052630704 -0.998607755 -150.400772095 -0.050875928 0.997311354 0.052742131 5.502290249 0.998698711 0.050991192 -0.000841141 18.090927124
-0.003998876 0.055238232 -0.998465300 -151.638778687 -0.048862424 0.997269690 0.055367786 5.552724838 0.998797596 0.049008835 -0.001288891 18.087112427
-0.004240155 0.056729984 -0.998380661 -152.870285034 -0.045835853 0.997329175 0.056864906 5.594321251 0.998940051 0.046002734 -0.001628518 18.083969116
-0.003781557 0.055339452 -0.998460472 -154.112213135 -0.043770883 0.997501493 0.055452079 5.640970230 0.999034464 0.043913186 -0.001349807 18.069519043
-0.004615784 0.055869926 -0.998427510 -155.330612183 -0.045423035 0.997395754 0.056022182 5.690822601 0.998957276 0.045610182 -0.002065897 18.053833008
-0.004401326 0.060360353 -0.998166919 -156.593292236 -0.045616236 0.997125387 0.060498506 5.742080688 0.998949349 0.045798890 -0.001635194 18.049255371
-0.003900766 0.067082174 -0.997739792 -157.828125000 -0.050410409 0.996465683 0.067193590 5.796986580 0.998720944 0.050558574 -0.000505328 18.035202026
-0.002821088 0.067357153 -0.997724891 -159.046356201 -0.055345334 0.996189117 0.067409962 5.853031158 0.998463273 0.055409592 0.000917554 18.016098022
-0.000925183 0.063197382 -0.998000622 -160.296798706 -0.059792038 0.996212006 0.063139550 5.919306755 0.998210430 0.059730906 0.002857029 17.994140625
0.000378251 0.058112834 -0.998309970 -161.523406982 -0.061294548 0.996434271 0.057980422 5.969151020 0.998119712 0.061169025 0.003938854 17.990066528
0.001115143 0.056604046 -0.998396099 -162.746261597 -0.064165972 0.996343315 0.056415994 6.014795303 0.997938633 0.064000145 0.004743099 17.990142822
0.002482951 0.053346094 -0.998573005 -163.964904785 -0.059378237 0.996822000 0.053104904 6.062383175 0.998232484 0.059161644 0.005642712 17.987945557
0.003257155 0.048676912 -0.998809338 -165.198669434 -0.056339607 0.997237027 0.048416559 6.114030361 0.998406410 0.056114819 0.005990565 17.980056763
0.002237976 0.045608606 -0.998956859 -166.397567749 -0.048915099 0.997768581 0.045444772 6.137635231 0.998800397 0.048762374 0.004463911 17.997329712
0.000896096 0.048635490 -0.998816252 -167.626922607 -0.046302970 0.997747302 0.048541896 6.176927567 0.998927116 0.046204656 0.003146052 18.000762939
0.001971722 0.054875277 -0.998491347 -168.882980347 -0.047231473 0.997383952 0.054721151 6.223514557 0.998882055 0.047052313 0.004558444 17.997497559
0.003547847 0.058287714 -0.998293519 -170.080322266 -0.048767522 0.997122049 0.058045998 6.266757965 0.998803854 0.048478365 0.006380141 17.995742798
0.005142510 0.054703545 -0.998489559 -171.289062500 -0.049624022 0.997286320 0.054382045 6.318972588 0.998754859 0.049269389 0.007843196 17.995300293
0.005813241 0.054890085 -0.998475492 -172.494857788 -0.052083578 0.997153699 0.054514181 6.367869377 0.998625815 0.051687267 0.008655608 17.993759155
0.006998897 0.056042515 -0.998403847 -173.721099854 -0.050330840 0.997182608 0.055621140 6.412080765 0.998708069 0.049861223 0.009799838 17.997131348
0.007436812 0.053888675 -0.998519421 -174.918624878 -0.050355799 0.997300148 0.053447831 6.461519241 0.998703778 0.049883749 0.010130346 18.003738403
0.009358108 0.052475389 -0.998578370 -176.114959717 -0.050648671 0.997365177 0.051936988 6.502088547 0.998672724 0.050090637 0.011991262 18.007019043
0.010732532 0.054393008 -0.998461902 -177.264938354 -0.051517662 0.997223437 0.053771775 6.540217400 0.998614371 0.050861318 0.013504922 18.020874023
0.012201965 0.056360532 -0.998335958 -178.402679443 -0.051549546 0.997118056 0.055661723 6.573766708 0.998595893 0.050784580 0.015072107 18.027770996
0.012628198 0.057754643 -0.998250961 -179.498367310 -0.052511510 0.996991277 0.057017479 6.610219955 0.998540521 0.051699635 0.015622973 18.038345337
0.012938082 0.059336182 -0.998154223 -180.583999634 -0.052771229 0.996887147 0.058576837 6.638218880 0.998522818 0.051915951 0.016029060 18.041549683
0.012722373 0.060248543 -0.998102367 -181.633483887 -0.052163176 0.996863902 0.059508886 6.677703381 0.998557568 0.051307093 0.015825212 18.050994873
0.013331532 0.059270512 -0.998153090 -182.652008057 -0.052528571 0.996904790 0.058494806 6.713568687 0.998530567 0.051651716 0.016403675 18.059844971
0.014728487 0.059230395 -0.998135686 -183.634490967 -0.053557321 0.996857703 0.058364261 6.747158527 0.998456180 0.052597854 0.017854452 18.070785522
0.016135931 0.059984099 -0.998069048 -184.590850830 -0.054143798 0.996786714 0.059031684 6.781714439 0.998402894 0.053086702 0.019331813 18.084350586
0.015453696 0.058353245 -0.998176396 -185.523284912 -0.052827019 0.996948957 0.057463627 6.811161518 0.998484135 0.051842656 0.018489122 18.097152710
0.012368798 0.055411302 -0.998387158 -186.469055176 -0.050517060 0.997222960 0.054720845 6.842452049 0.998646736 0.049758736 0.015133679 18.103103638
0.007553995 0.051807854 -0.998628616 -187.389343262 -0.050482951 0.997403324 0.051362418 6.873647690 0.998696446 0.050025716 0.010149837 18.104553223
0.002471328 0.048695102 -0.998810589 -188.340377808 -0.051735733 0.997482300 0.048502333 6.907980919 0.998657703 0.051554337 0.004984379 18.099822998
-0.001234174 0.047757793 -0.998858333 -189.269149780 -0.054030538 0.997396708 0.047754671 6.944646835 0.998538613 0.054027777 0.001349390 18.089797974
-0.003981590 0.048604727 -0.998810232 -190.189788818 -0.055549227 0.997265100 0.048750971 6.968439102 0.998448133 0.055677231 -0.001270771 18.077056885
-0.006091714 0.050520588 -0.998704612 -191.127227783 -0.054339219 0.997230589 0.050777469 6.995198250 0.998504162 0.054578129 -0.003329515 18.072586060
-0.007725000 0.051890872 -0.998622954 -192.053405762 -0.051510885 0.997306168 0.052220918 7.031036377 0.998642623 0.051843353 -0.005031228 18.065734863
-0.009306312 0.052100699 -0.998598635 -192.978561401 -0.049737625 0.997381508 0.052500725 7.062418938 0.998719096 0.050156496 -0.006690621 18.057785034
-0.009663820 0.051142171 -0.998644650 -193.882827759 -0.050127003 0.997410893 0.051564060 7.088351250 0.998696148 0.050557360 -0.007075191 18.033432007
-0.010702729 0.050391458 -0.998672307 -194.793609619 -0.051860049 0.997357368 0.050880890 7.113730431 0.998597145 0.052335743 -0.008061051 18.023986816
-0.010671377 0.049561091 -0.998714089 -195.694152832 -0.055496152 0.997202218 0.050079051 7.148675919 0.998401880 0.055959206 -0.007891059 18.003829956
-0.010477424 0.047658570 -0.998808801 -196.610565186 -0.058405653 0.997129083 0.048191093 7.180452824 0.998237967 0.058840990 -0.007663727 17.995208740
-0.009241700 0.045068610 -0.998941123 -197.529464722 -0.057971295 0.997279465 0.045529962 7.206538677 0.998275459 0.058330685 -0.006603837 17.982559204
-0.008512855 0.043157008 -0.999032259 -198.441833496 -0.057591513 0.997388721 0.043576751 7.225162506 0.998304129 0.057906721 -0.006005049 17.963500977
-0.007496715 0.042487528 -0.999068916 -199.364105225 -0.057867937 0.997404158 0.042850949 7.258247375 0.998296142 0.058135293 -0.005018592 17.948547363
-0.007808566 0.045260366 -0.998944879 -200.297927856 -0.055346012 0.997424304 0.045624103 7.284753323 0.998436868 0.055643860 -0.005283475 17.951461792
-0.007914901 0.046400458 -0.998891592 -201.236083984 -0.054500803 0.997418046 0.046763856 7.313117981 0.998482406 0.054810520 -0.005365610 17.941223145
-0.007045507 0.042751227 -0.999060929 -202.168258667 -0.049720693 0.997834980 0.043049406 7.340616226 0.998738348 0.049977306 -0.004904628 17.934173584
-0.005985737 0.039804671 -0.999189556 -203.096939087 -0.047984451 0.998044968 0.040046535 7.370881081 0.998830140 0.048185274 -0.004064083 17.918411255
-0.005625963 0.040147599 -0.999178052 -204.038024902 -0.052499514 0.997803867 0.040387992 7.403284073 0.998605251 0.052683573 -0.003505945 17.902008057
-0.004307747 0.044085626 -0.999018490 -204.989440918 -0.053612534 0.997580767 0.044253357 7.430116653 0.998552501 0.053750545 -0.001933813 17.891708374
-0.001947284 0.043979816 -0.999030530 -205.967483521 -0.051268104 0.997714221 0.044021800 7.460617065 0.998683035 0.051304124 0.000311911 17.883773804
0.000046790 0.044923507 -0.998990536 -206.930999756 -0.050108582 0.997735560 0.044864725 7.499817848 0.998743892 0.050055888 0.002297759 17.885772705
0.001486659 0.049327679 -0.998781681 -207.905090332 -0.050982997 0.997487485 0.049187876 7.537924767 0.998698592 0.050847746 0.003997743 17.880325317
0.003486991 0.053501580 -0.998561680 -208.906219482 -0.048280191 0.997412264 0.053271402 7.573101997 0.998827755 0.048024993 0.006061018 17.880645752
0.004821122 0.053725339 -0.998544097 -209.902145386 -0.047887456 0.997422516 0.053433783 7.616538048 0.998841107 0.047560126 0.007381439 17.882522583
0.007023513 0.054616619 -0.998482764 -210.900863647 -0.051364776 0.997208893 0.054185633 7.656522751 0.998655319 0.050906267 0.009809256 17.877822876
0.010115087 0.056699667 -0.998340070 -211.925292969 -0.053883534 0.996971428 0.056075994 7.697503567 0.998496056 0.053226877 0.013139606 17.880142212
0.013980508 0.056893900 -0.998282373 -212.950805664 -0.054992963 0.996912539 0.056045681 7.743098259 0.998388886 0.054114953 0.017066121 17.886169434
0.016428888 0.054060966 -0.998402536 -213.985671997 -0.057489388 0.996936381 0.053035583 7.788325310 0.998210967 0.056526233 0.019486487 17.903656006
