1.000000000 0.000000000 0.000000000 0.000000000 0.000000000 1.000000000 0.000000000 0.000000000 0.000000000 0.000000000 1.000000000 0.000000000
0.999997616 -0.001676606 -0.001413401 -0.006309427 0.001675320 0.999998212 -0.000910578 -0.009701204 0.001414925 0.000908208 0.999998569 0.572309732
0.999995112 -0.001973504 -0.002431207 -0.016386222 0.001967714 0.999995232 -0.002381416 -0.022547673 0.002435896 0.002376620 0.999994218 1.138841391
0.999987781 -0.002296955 -0.004373692 -0.023991358 0.002282448 0.999991894 -0.003318987 -0.043161035 0.004381279 0.003308963 0.999984920 1.705963254
0.999971032 -0.004478292 -0.006157428 -0.037805580 0.004445944 0.999976277 -0.005257161 -0.052655332 0.006180826 0.005229633 0.999967217 2.297497272
0.999946594 -0.007017776 -0.007584593 -0.047784004 0.006962737 0.999949396 -0.007258878 -0.063831203 0.007635150 0.007205681 0.999944866 2.867360353
0.999928355 -0.007895283 -0.008998448 -0.057213455 0.007823479 0.999937475 -0.007987077 -0.076849617 0.009060946 0.007916106 0.999927640 3.448962450
0.999915123 -0.007998656 -0.010284586 -0.077204324 0.007923323 0.999941647 -0.007344889 -0.093419291 0.010342735 0.007262777 0.999920130 4.044694424
0.999899209 -0.008617245 -0.011284227 -0.092488788 0.008531163 0.999934316 -0.007654504 -0.108968996 0.011349447 0.007557465 0.999907017 4.640289783
0.999894977 -0.007703661 -0.012276704 -0.113287061 0.007577168 0.999918044 -0.010316873 -0.126472458 0.012355176 0.010222767 0.999871433 5.248863697
0.999885380 -0.006323153 -0.013758570 -0.125747383 0.006130280 0.999882996 -0.014015666 -0.148026735 0.013845583 0.013929715 0.999807119 5.874220371
0.999875307 -0.004915250 -0.015008450 -0.144503891 0.004646747 0.999829471 -0.017872879 -0.160683408 0.015093739 0.017800910 0.999727607 6.497063637
0.999864578 -0.002956962 -0.016190749 -0.167721853 0.002669243 0.999838650 -0.017763415 -0.177032113 0.016240662 0.017717792 0.999711096 7.142268658
0.999849856 -0.000459816 -0.017321723 -0.188253030 0.000271177 0.999940634 -0.010891052 -0.193628043 0.017325703 0.010884719 0.999790668 7.800655842
0.999839306 0.000499933 -0.017918691 -0.210191473 -0.000506415 0.999999821 -0.000357182 -0.210023865 0.017918508 0.000366199 0.999839365 8.470267296
0.999825537 0.001403245 -0.018626606 -0.236702472 -0.001291848 0.999981225 0.005991230 -0.222889274 0.018634664 -0.005966122 0.999808550 9.171891212
0.999793231 0.003750100 -0.019986426 -0.260973036 -0.003651709 0.999981046 0.004957135 -0.239302814 0.020004638 -0.004883126 0.999787986 9.868901253
0.999771953 0.006015760 -0.020490939 -0.290617853 -0.006056997 0.999979734 -0.001951003 -0.251348019 0.020478787 0.002074672 0.999788105 10.574777603
0.999751270 0.005542134 -0.021603892 -0.316244900 -0.005714616 0.999952197 -0.007930272 -0.251732141 0.021558909 0.008051758 0.999735177 11.293674469
0.999734879 0.003122693 -0.022813044 -0.336451411 -0.003266854 0.999974906 -0.006284708 -0.257211477 0.022792846 0.006357569 0.999719977 12.041159630
0.999726713 0.002371877 -0.023255680 -0.366920054 -0.002311919 0.999993920 0.002604768 -0.267574966 0.023261717 -0.002550291 0.999726176 12.840793610
0.999719501 0.001911306 -0.023605710 -0.395007670 -0.001676454 0.999948919 0.009964743 -0.275904804 0.023623550 -0.009922374 0.999671698 13.634974480
0.999707282 0.000988728 -0.024174921 -0.423515856 -0.000685809 0.999921203 0.012535382 -0.283220857 0.024185410 -0.012515133 0.999629140 14.432568550
0.999702573 -0.000731468 -0.024377478 -0.448467910 0.001010919 0.999933898 0.011453137 -0.286495686 0.024367491 -0.011474374 0.999637187 15.271215439
0.999719501 -0.001390174 -0.023642411 -0.483175308 0.001602384 0.999958575 0.008959249 -0.284646690 0.023628976 -0.008994620 0.999680340 16.104671478
0.999725163 0.001303146 -0.023407677 -0.510433614 -0.001173023 0.999983788 0.005571859 -0.289126337 0.023414558 -0.005542870 0.999710500 16.964078903
0.999745905 -0.001991572 -0.022452652 -0.539235473 0.001996402 0.999997973 0.000192709 -0.297925532 0.022452224 -0.000237484 0.999747872 17.836500168
0.999748647 -0.004767825 -0.021906435 -0.557363093 0.004636796 0.999971092 -0.006028214 -0.310722709 0.021934543 0.005925124 0.999741852 18.758508682
0.999788642 -0.003489933 -0.020259898 -0.595707119 0.003260216 0.999930143 -0.011360501 -0.324404955 0.020298129 0.011292048 0.999730229 19.660289764
0.999785185 -0.002365234 -0.020589946 -0.622677088 0.002115282 0.999923885 -0.012152831 -0.342299998 0.020617124 0.012106667 0.999714136 20.591314316
0.999775350 -0.002423763 -0.021057347 -0.654898345 0.002179954 0.999930441 -0.011593590 -0.365170836 0.021083981 0.011545081 0.999711037 21.540254593
0.999782681 -0.000279788 -0.020845225 -0.686035514 0.000007568 0.999914765 -0.013058050 -0.394564122 0.020847101 0.013055054 0.999697447 22.513650894
0.999783397 0.002464163 -0.020667071 -0.720861673 -0.002776121 0.999882460 -0.015079375 -0.418162882 0.020627484 0.015133483 0.999672711 23.481145859
0.999766171 0.005974912 -0.020781020 -0.762168586 -0.006304742 0.999854624 -0.015842566 -0.444554508 0.020683341 0.015969882 0.999658525 24.464872360
0.999754190 0.008216152 -0.020593017 -0.801922977 -0.008543174 0.999837995 -0.015842887 -0.477432698 0.020459514 0.016014922 0.999662399 25.472496033
0.999735534 0.008727399 -0.021277165 -0.829912841 -0.009065446 0.999833405 -0.015843468 -0.509571910 0.021135349 0.016032165 0.999648094 26.476142883
0.999735355 0.008871931 -0.021226356 -0.864733398 -0.009205214 0.999835074 -0.015655566 -0.541352332 0.021083958 0.015846817 0.999652088 27.482345581
0.999719083 0.010020074 -0.021480396 -0.907397330 -0.010332781 0.999841511 -0.014496542 -0.574758768 0.021331735 0.014714421 0.999664187 28.503503799
0.999698043 0.010685056 -0.022128174 -0.919243336 -0.010965630 0.999860525 -0.012597247 -0.606255949 0.021990485 0.012836093 0.999675751 29.542314529
0.999693990 0.011230698 -0.022040065 -0.962462664 -0.011483572 0.999869287 -0.011380613 -0.637687624 0.021909371 0.011630230 0.999692321 30.579027176
0.999690235 0.011410845 -0.022118976 -1.001945734 -0.011684176 0.999856472 -0.012267643 -0.670001626 0.021975817 0.012522285 0.999680102 31.617229462
0.999660134 0.012834923 -0.022691492 -1.032912612 -0.013137817 0.999825895 -0.013250072 -0.699088812 0.022517478 0.013543685 0.999654710 32.683059692
0.999664545 0.012075408 -0.022912659 -1.067185044 -0.012368547 0.999842882 -0.012695432 -0.730887175 0.022755757 0.012974569 0.999656856 33.736377716
0.999651849 0.011601852 -0.023697918 -1.100924969 -0.011844070 0.999878764 -0.010106390 -0.758767724 0.023577793 0.010383552 0.999668062 34.800292969
0.999633968 0.012033958 -0.024229795 -1.137449622 -0.012197131 0.999903858 -0.006597927 -0.782351375 0.024148066 0.006891046 0.999684632 35.877540588
0.999621034 0.011930080 -0.024808316 -1.171150446 -0.012039893 0.999918342 -0.004281792 -0.812558711 0.024755208 0.004578859 0.999683082 36.970222473
0.999609351 0.011714826 -0.025374465 -1.208709955 -0.011816013 0.999922812 -0.003841460 -0.834674478 0.025327506 0.004139784 0.999670625 38.058818817
0.999595046 0.011382576 -0.026079699 -1.244990706 -0.011521733 0.999920130 -0.005191822 -0.861052334 0.026018521 0.005490202 0.999646366 39.156589508
0.999582708 0.012002512 -0.026274094 -1.297406316 -0.012157252 0.999909639 -0.005737660 -0.881761849 0.026202854 0.006054686 0.999638319 40.260684967
0.999565423 0.012000973 -0.026925310 -1.342417955 -0.012129500 0.999915779 -0.004615173 -0.902471840 0.026867656 0.004939758 0.999626815 41.362514496
0.999538124 0.011981541 -0.027928323 -1.386973619 -0.012070542 0.999922574 -0.003020371 -0.922642529 0.027889971 0.003356086 0.999605358 42.466567993
0.999534369 0.011301840 -0.028343389 -1.438639402 -0.011309498 0.999936044 -0.000109886 -0.954688430 0.028340334 0.000430384 0.999598265 43.571792603
0.999494135 0.012775079 -0.029124403 -1.463752747 -0.012779317 0.999918342 0.000040642 -0.987275422 0.029122544 0.000331568 0.999575794 44.674236298
0.999458909 0.014147745 -0.029693756 -1.509479284 -0.014262615 0.999891579 -0.003660241 -1.011477232 0.029638752 0.004081771 0.999552369 45.766620636
0.999452770 0.015299398 -0.029326586 -1.564795256 -0.015526377 0.999851108 -0.007527684 -1.038129926 0.029207051 0.007978900 0.999541521 46.861770630
0.999451101 0.015937362 -0.029043159 -1.616132021 -0.016173743 0.999837816 -0.007922272 -1.062673926 0.028912188 0.008387661 0.999546766 47.962245941
0.999448776 0.015495082 -0.029360954 -1.649332285 -0.015652252 0.999864340 -0.005130784 -1.096801519 0.029277468 0.005587521 0.999555707 49.084907532
0.999443650 0.016306296 -0.029094018 -1.698534727 -0.016403994 0.999860585 -0.003122457 -1.121554136 0.029039046 0.003597978 0.999571800 50.182838440
0.999466777 0.014751916 -0.029128969 -1.742351294 -0.014820660 0.999887884 -0.002145468 -1.144142032 0.029094053 0.002576034 0.999573350 51.287818909
0.999472797 0.014857225 -0.028867865 -1.786997557 -0.014944157 0.999884427 -0.002797938 -1.174459338 0.028822958 0.003227869 0.999579310 52.384899139
0.999486089 0.013831683 -0.028916877 -1.822497964 -0.013969672 0.999891937 -0.004575331 -1.196031809 0.028850468 0.004976939 0.999571323 53.520771027
0.999490559 0.013843533 -0.028757362 -1.861495852 -0.014047361 0.999877512 -0.006897976 -1.219957352 0.028658347 0.007298427 0.999562621 54.629596710
0.999512672 0.013195831 -0.028289542 -1.919190049 -0.013456241 0.999868631 -0.009034635 -1.258660316 0.028166605 0.009410903 0.999558926 55.760848999
0.999533772 0.011544488 -0.028266456 -1.955878973 -0.011896322 0.999853432 -0.012310674 -1.293575168 0.028120194 0.012641202 0.999524593 56.835605621
0.999560118 0.009995633 -0.027922008 -1.998774767 -0.010387629 0.999849021 -0.013929382 -1.329059243 0.027778560 0.014213298 0.999513030 57.934726715
0.999591529 0.008204788 -0.027377129 -2.044595003 -0.008527013 0.999895513 -0.011673921 -1.361330628 0.027278485 0.011902598 0.999557018 59.053867340
0.999594033 0.007000737 -0.027619023 -2.077624321 -0.007168877 0.999956369 -0.005993534 -1.392846823 0.027575858 0.006189098 0.999600530 60.165451050
0.999599397 0.005747831 -0.027712459 -2.116167068 -0.005757162 0.999983370 -0.000256916 -1.418147922 0.027710522 0.000416358 0.999615908 61.277328491
0.999618709 0.003731551 -0.027359452 -2.150869131 -0.003717901 0.999992967 0.000549762 -1.444261551 0.027361311 -0.000447833 0.999625504 62.366241455
0.999643326 0.000720155 -0.026696537 -2.194654465 -0.000780651 0.999997139 -0.002255679 -1.466932178 0.026694836 0.002275716 0.999641061 63.466796875
0.999630272 -0.000881296 -0.027176321 -2.231901407 0.000728912 0.999983966 -0.005616635 -1.488636613 0.027180834 0.005594749 0.999614894 64.585861206
0.999633968 0.001450231 -0.027015716 -2.282486439 -0.001704777 0.999954343 -0.009401501 -1.521035194 0.027000848 0.009444115 0.999590814 65.692054749
0.999634922 0.001256706 -0.026988856 -2.321503639 -0.001628662 0.999903917 -0.013764307 -1.550225019 0.026968965 0.013803238 0.999540985 66.800819397
0.999641061 0.004138389 -0.026469111 -2.362426519 -0.004526434 0.999882936 -0.014617233 -1.576963782 0.026405521 0.014731796 0.999542773 67.912590027
0.999640703 0.008089768 -0.025555022 -2.416738749 -0.008370073 0.999905765 -0.010880824 -1.618342876 0.025464591 0.011090812 0.999614179 69.030914307
0.999628186 0.009492937 -0.025562305 -2.459100246 -0.009720333 0.999914169 -0.008786251 -1.649271846 0.025476703 0.009031458 0.999634624 70.143714905
0.999637127 0.008845275 -0.025444448 -2.502110720 -0.009050980 0.999927163 -0.007980695 -1.678409338 0.025372002 0.008208095 0.999644399 71.257537842
0.999650538 0.007440612 -0.025365287 -2.540224075 -0.007629875 0.999943733 -0.007372915 -1.709232450 0.025309000 0.007563873 0.999651074 72.374046326
0.999652386 0.006399184 -0.025576483 -2.582403898 -0.006549639 0.999961734 -0.005803108 -1.740864038 0.025538368 0.005968607 0.999656022 73.480339050
0.999653876 0.005088123 -0.025811793 -2.624767065 -0.005194323 0.999978304 -0.004048996 -1.768932343 0.025790630 0.004181669 0.999658644 74.600387573
0.999635994 0.003800803 -0.026710050 -2.657510757 -0.003860901 0.999990106 -0.002198795 -1.799707294 0.026701428 0.002301120 0.999640822 75.704933167
0.999624014 0.003011152 -0.027253458 -2.703800917 -0.003103240 0.999989629 -0.003337271 -1.827758074 0.027243126 0.003420591 0.999623001 76.817642212
0.999610841 0.003237599 -0.027708067 -2.745085716 -0.003436122 0.999968767 -0.007120209 -1.856528640 0.027684148 0.007212646 0.999590695 77.908737183
0.999580622 0.004536152 -0.028599994 -2.780332088 -0.004799192 0.999946773 -0.009135277 -1.891644120 0.028557032 0.009268703 0.999549210 79.009330750
0.999554276 0.006446088 -0.029150087 -2.826303005 -0.006659414 0.999951720 -0.007227050 -1.923305869 0.029102093 0.007417951 0.999548912 80.106246948
0.999532104 0.007377784 -0.029683731 -2.874501228 -0.007473388 0.999967217 -0.003111082 -1.951851726 0.029659808 0.003331465 0.999554515 81.202026367
0.999497473 0.009004447 -0.030391876 -2.924053431 -0.008982204 0.999959290 0.000868302 -1.976623058 0.030398456 -0.000594880 0.999537706 82.285705566
0.999481261 0.009895887 -0.030646805 -2.974468708 -0.009856706 0.999950409 0.001429298 -2.000660896 0.030659428 -0.001126480 0.999529243 83.389739990
0.999465644 0.009533325 -0.031264953 -3.023250103 -0.009551731 0.999954283 -0.000439398 -2.024639845 0.031259336 0.000737798 0.999511063 84.461959839
0.999451458 0.009554417 -0.031709798 -3.070776701 -0.009605038 0.999952853 -0.001444425 -2.046839952 0.031694502 0.001748207 0.999496102 85.552345276
0.999443591 0.008874644 -0.032151308 -3.120604277 -0.008931397 0.999958813 -0.001621996 -2.071470737 0.032135591 0.001908249 0.999481678 86.621841431
0.999429405 0.007924323 -0.032834452 -3.167849302 -0.007960081 0.999967873 -0.000958484 -2.098349571 0.032825802 0.001219302 0.999460340 87.662895203
0.999403656 0.006761145 -0.033861473 -3.197338820 -0.006763035 0.999977112 0.000058732 -2.121315718 0.033861097 0.000170309 0.999426544 88.711494446
0.999397814 0.006920279 -0.034001216 -3.252225637 -0.006831259 0.999972939 0.002733611 -2.145440340 0.034019213 -0.002499694 0.999418080 89.728034973
0.999357939 0.005859134 -0.035346419 -3.297834396 -0.005725495 0.999976099 0.003880896 -2.170337200 0.035368312 -0.003676029 0.999367595 90.718101501
0.999283969 0.005258216 -0.037468620 -3.337739229 -0.005112931 0.999979019 0.003972268 -2.192963123 0.037488721 -0.003777849 0.999289930 91.711875916
0.999161303 0.004364186 -0.040714253 -3.390255928 -0.004248618 0.999986708 0.002924610 -2.212229013 0.040726475 -0.002749177 0.999166548 92.659004211
0.999031723 0.004002652 -0.043813299 -3.450927019 -0.003911516 0.999989986 0.002165631 -2.234396458 0.043821529 -0.001992157 0.999037385 93.588195801
0.998882771 0.003738203 -0.047108226 -3.495704889 -0.003614304 0.999989808 0.002714997 -2.260805845 0.047117893 -0.002541700 0.998886108 94.498603821
0.998718500 0.004779731 -0.050383564 -3.550117731 -0.004599737 0.999982595 0.003687838 -2.279093266 0.050400313 -0.003451360 0.998723149 95.381172180
0.998568714 0.005628079 -0.053186607 -3.612079144 -0.005374966 0.999973536 0.004900816 -2.300043821 0.053212784 -0.004607926 0.998572588 96.239234924
0.998392940 0.006761221 -0.056265578 -3.669376135 -0.006412101 0.999959052 0.006383086 -2.315804243 0.056306433 -0.006012047 0.998395443 97.069198608
0.998244822 0.008447927 -0.058617096 -3.731851339 -0.008047505 0.999942660 0.007063855 -2.332587481 0.058673408 -0.006579735 0.998255551 97.883041382
0.998067439 0.010314808 -0.061278321 -3.790044069 -0.009869547 0.999922693 0.007564468 -2.348854065 0.061351608 -0.006945060 0.998092055 98.656745911
0.997887969 0.012280167 -0.063787118 -3.852767229 -0.011893459 0.999908566 0.006438675 -2.368381262 0.063860357 -0.005666427 0.997942746 99.404617310
0.997706354 0.013468632 -0.066337578 -3.910785675 -0.013301629 0.999907136 0.002958538 -2.388621092 0.066371270 -0.002069354 0.997792840 100.105583191
0.997510850 0.016065627 -0.068658665 -3.979478121 -0.016150882 0.999869347 -0.000686763 -2.405072927 0.068638660 0.001793952 0.997639954 100.798309326
0.997334599 0.017924568 -0.070727579 -4.036937714 -0.018212270 0.999828279 -0.003424939 -2.418709278 0.070654042 0.004703919 0.997489810 101.442146301
0.997255564 0.019736681 -0.071356662 -4.099716663 -0.020112850 0.999787331 -0.004556946 -2.432752132 0.071251549 0.005979626 0.997440457 102.075263977
0.997236073 0.022157859 -0.070916861 -4.141995907 -0.022487745 0.999739707 -0.003856607 -2.455969810 0.070812948 0.005440707 0.997474790 102.680206299
0.997345984 0.026154680 -0.067948177 -4.192992210 -0.026387095 0.999648631 -0.002525063 -2.470400333 0.067858256 0.004311316 0.997685671 103.255920410
0.997631788 0.028647527 -0.062530831 -4.235506535 -0.028780734 0.999584973 -0.001230393 -2.487536907 0.062469635 0.003027162 0.998042285 103.806777954
0.998043656 0.029575691 -0.055083275 -4.271081448 -0.029560862 0.999562383 0.001084131 -2.505283356 0.055091232 0.000546299 0.998481154 104.327201843
0.998523593 0.029297648 -0.045741707 -4.286916256 -0.029173473 0.999568641 0.003380055 -2.519004822 0.045821004 -0.002040620 0.998947561 104.847839355
0.998999834 0.028851453 -0.034160327 -4.298457146 -0.028702676 0.999576271 0.004837799 -2.533999443 0.034285434 -0.003852468 0.999404669 105.332565308
0.999388218 0.027964139 -0.021004511 -4.301941395 -0.027864998 0.999599218 0.004997999 -2.548671722 0.021135857 -0.004409651 0.999766886 105.792793274
0.999596119 0.027827891 -0.005757986 -4.301270962 -0.027804419 0.999604881 0.004116861 -2.560711622 0.005870275 -0.003955101 0.999974966 106.241233826
0.999581695 0.026535956 0.011502518 -4.281066418 -0.026547816 0.999647141 0.000879412 -2.569459438 -0.011475124 -0.001184411 0.999933481 106.664848328
0.999132991 0.026019597 0.032499570 -4.254437447 -0.025918677 0.999657869 -0.003522799 -2.584059000 -0.032580115 0.002677399 0.999465525 107.082458496
0.998165905 0.023569446 0.055760670 -4.202441216 -0.023149636 0.999698699 -0.008162887 -2.601153612 -0.055936262 0.006857076 0.998410821 107.469444275
0.996358097 0.021170994 0.082597427 -4.148512840 -0.020348052 0.999734700 -0.010792473 -2.615920067 -0.082804002 0.009072471 0.996524572 107.872749329
0.993522108 0.018449763 0.112131156 -4.080968380 -0.017203094 0.999779105 -0.012075433 -2.626351118 -0.112329178 0.010068207 0.993620038 108.264030457
0.989379525 0.016370043 0.144430727 -4.004916668 -0.014486097 0.999795854 -0.014086017 -2.638743162 -0.144631833 0.011844180 0.989414632 108.643325806
0.983731329 0.013445545 0.179141954 -3.904531240 -0.010878717 0.999823689 -0.015303178 -2.658773422 -0.179316133 0.013105382 0.983704209 109.011772156
0.976013958 0.009544134 0.217498630 -3.821077108 -0.006309954 0.999859035 -0.015559574 -2.675544739 -0.217616484 0.013813955 0.975936592 109.336395264
0.966446877 0.007925674 0.256744266 -3.707208633 -0.003847606 0.999858379 -0.016382238 -2.688196659 -0.256837755 0.014844712 0.966340542 109.657981873
0.954726160 0.008080845 0.297376305 -3.565800190 -0.003047044 0.999844193 -0.017387038 -2.706922293 -0.297470480 0.015693741 0.954602003 109.988006592
0.940020323 0.010471862 0.340957612 -3.423166513 -0.004540303 0.999824226 -0.018190075 -2.718478441 -0.341088176 0.015550990 0.939902663 110.310325623
0.922652721 0.010476783 0.385489643 -3.265564680 -0.004314484 0.999848783 -0.016847217 -2.733041525 -0.385607839 0.013880942 0.922558367 110.629508972
0.902873039 0.009149377 0.429809868 -3.093911648 -0.002741613 0.999875724 -0.015525266 -2.746880054 -0.429898500 0.012838972 0.902785897 110.934913635
0.880341887 0.008414614 0.474265128 -2.906079292 -0.000857858 0.999869227 -0.016147733 -2.758417606 -0.474338979 0.013808673 0.880234003 111.220878601
0.855624795 0.009065356 0.517517269 -2.702985764 0.000329345 0.999836862 -0.018058671 -2.775582314 -0.517596543 0.015621887 0.855482221 111.505020142
0.828323960 0.011393933 0.560133636 -2.485387802 0.000772540 0.999768972 -0.021479188 -2.792139053 -0.560248971 0.018224452 0.828123808 111.790374756
0.798103094 0.015492618 0.602321684 -2.251505852 -0.000143525 0.999674201 -0.025522944 -2.811388254 -0.602520883 0.020283492 0.797845304 112.073677063
0.767546475 0.021450641 0.640634298 -1.986734390 -0.003998771 0.999580681 -0.028678458 -2.831435680 -0.640980840 0.019450299 0.767310381 112.258483887
0.730609238 0.025958933 0.682302237 -1.724391937 -0.005894776 0.999479592 -0.031714167 -2.839993477 -0.682770431 0.019148646 0.730382025 112.517074585
0.692305028 0.026105262 0.721132636 -1.433219910 -0.004692545 0.999487162 -0.031676840 -2.865151405 -0.721589744 0.018546090 0.692072511 112.748947144
0.652908921 0.023355257 0.757076323 -1.111991882 0.000681694 0.999505997 -0.031421941 -2.868003368 -0.757436156 0.021031763 0.652570486 112.969024658
0.609515011 0.021299783 0.792488337 -0.793170929 0.002073039 0.999592781 -0.028460553 -2.881229877 -0.792771816 0.018989993 0.609222651 113.176300049
0.557087004 0.020729031 0.830195427 -0.447322845 0.003842058 0.999613404 -0.027537346 -2.879085541 -0.830445290 0.018530358 0.556792021 113.315193176
0.509392738 0.018078960 0.860344291 -0.086971283 0.006061739 0.999679089 -0.024595927 -2.890519381 -0.860512912 0.017744171 0.509119630 113.495712280
0.459295809 0.014479037 0.888165474 0.285640717 0.008781083 0.999744296 -0.020838968 -2.903833389 -0.888240099 0.017370306 0.459051192 113.655464172
0.407557130 0.014569795 0.913063526 0.641651154 0.005135413 0.999820352 -0.018246433 -2.930779934 -0.913165331 0.012125423 0.407409072 113.795837402
0.355903566 0.020034328 0.934307933 1.025543213 0.000783653 0.999763429 -0.021736404 -2.943044424 -0.934522390 0.008468238 0.355803728 113.921188354
0.306441963 0.024874387 0.951564372 1.408981323 0.000653807 0.999652803 -0.026341999 -2.956939697 -0.951889157 0.008694435 0.306319296 114.009826660
0.260634124 0.026730677 0.965067625 1.802055359 0.002303656 0.999596536 -0.028309217 -2.973518372 -0.965434968 0.009601534 0.260467410 114.083923340
0.219921529 0.026371095 0.975161016 2.227813721 0.009590134 0.999527812 -0.029192841 -2.988323689 -0.975470364 0.015772060 0.219564795 114.145431519
0.185367286 0.026364131 0.982315481 2.664031982 0.018032370 0.999380469 -0.030224917 -2.999675274 -0.982503772 0.023316188 0.184777021 114.196586609
0.154192328 0.027718911 0.987651944 3.091262817 0.021623591 0.999272287 -0.031420920 -3.013389587 -0.987804234 0.026201446 0.153480709 114.239723206
0.126744568 0.026144229 0.991590917 3.567787170 0.020114265 0.999379337 -0.028920576 -3.031471014 -0.991731524 0.023610648 0.126139998 114.285476685
0.101626456 0.022909021 0.994558811 4.063766479 0.013774591 0.999606550 -0.024432816 -3.046831608 -0.994727254 0.016182661 0.101270914 114.334457397
0.078158617 0.018972674 0.996760428 4.583824158 0.009370481 0.999760747 -0.019764548 -3.064409733 -0.996896923 0.010884895 0.077962160 114.373634338
0.055823088 0.016555909 0.998303473 5.112739563 0.013547542 0.999757886 -0.017337583 -3.081877708 -0.998348832 0.014492394 0.055585265 114.390052795
0.035697639 0.017223062 0.999214232 5.653999329 0.020226883 0.999634206 -0.017952923 -3.107932806 -0.999157906 0.020851867 0.035336256 114.401763916
0.018543661 0.019441647 0.999639094 6.214050293 0.025037976 0.999488354 -0.019903181 -3.126968145 -0.999514580 0.025398016 0.018047392 114.397361755
0.004151225 0.024746556 0.999685228 6.801292419 0.025009636 0.999378502 -0.024842821 -3.143977880 -0.999678671 0.025104893 0.003529727 114.403503418
-0.006683826 0.029041331 0.999556005 7.423072815 0.022832911 0.999321997 -0.028881861 -3.164842367 -0.999717057 0.022629734 -0.007342458 114.412887573
-0.012619019 0.029311642 0.999490798 8.063682556 0.025595635 0.999252200 -0.028981492 -3.175994635 -0.999592841 0.025216879 -0.013359904 114.398727417
-0.015436172 0.026129309 0.999539495 8.722862244 0.031390138 0.999178410 -0.025635110 -3.198607922 -0.999388099 0.030979972 -0.016243696 114.390838623
-0.014416933 0.024478985 0.999596357 9.384552002 0.033872880 0.999138415 -0.023979234 -3.220297813 -0.999322176 0.033513505 -0.015233636 114.373336792
-0.012587428 0.023924708 0.999634504 10.072776794 0.032065362 0.999209225 -0.023510760 -3.254004955 -0.999406457 0.031757701 -0.013344646 114.375419617
-0.011245608 0.024352215 0.999640167 10.777450562 0.028996281 0.999290943 -0.024017511 -3.275424719 -0.999516249 0.028715760 -0.011943698 114.380294800
-0.010094047 0.025488438 0.999624312 11.493392944 0.027333478 0.999308586 -0.025204387 -3.300557137 -0.999575555 0.027068794 -0.010783792 114.390670776
-0.009346724 0.026258605 0.999611497 12.225845337 0.026943171 0.999298811 -0.025998462 -3.332774162 -0.999593258 0.026689703 -0.010047674 114.387374878
-0.008878350 0.025898997 0.999625146 12.986862183 0.026099350 0.999329984 -0.025659544 -3.357541084 -0.999619961 0.025861751 -0.009548306 114.397956848
-0.007863879 0.024702843 0.999663949 13.756057739 0.025571559 0.999372840 -0.024494495 -3.385232925 -0.999642074 0.025370343 -0.008490562 114.393669128
-0.007384539 0.023711052 0.999691665 14.538734436 0.026144419 0.999381661 -0.023510581 -3.408885002 -0.999630988 0.025962744 -0.007999778 114.396415710
-0.007791519 0.021067308 0.999747813 15.335021973 0.026612202 0.999428332 -0.020853180 -3.449032307 -0.999615550 0.026443012 -0.008347750 114.392738342
-0.008909345 0.019354483 0.999773145 16.131652832 0.024029491 0.999528110 -0.019135607 -3.478414536 -0.999671698 0.023853553 -0.009370208 114.396606445
-0.010267973 0.018327119 0.999779344 16.939796448 0.023594594 0.999558091 -0.018080743 -3.506337166 -0.999668896 0.023403736 -0.010695815 114.397262573
-0.011534572 0.016020209 0.999805212 17.751869202 0.025705606 0.999545932 -0.015719496 -3.525886536 -0.999603093 0.025519280 -0.011941195 114.395729065
-0.012914300 0.014291310 0.999814451 18.579429626 0.027401367 0.999527395 -0.013933269 -3.555378914 -0.999541044 0.027216345 -0.013299823 114.393859863
-0.013992310 0.013481605 0.999811172 19.429031372 0.024207124 0.999620616 -0.013140257 -3.586826801 -0.999608994 0.024018692 -0.014313340 114.379577637
-0.015026331 0.018419201 0.999717474 20.267730713 0.021245075 0.999610484 -0.018097904 -3.608828068 -0.999661386 0.020967128 -0.015411854 114.381690979
-0.015996337 0.022983197 0.999607980 21.123405457 0.023162112 0.999476016 -0.022609515 -3.637007236 -0.999603808 0.022791363 -0.016520262 114.381500244
-0.016723394 0.024460554 0.999560893 21.974319458 0.023220617 0.999440610 -0.024069110 -3.668947935 -0.999590456 0.022807904 -0.017282009 114.368392944
-0.018136859 0.022149703 0.999590278 22.826324463 0.019305570 0.999575973 -0.021799104 -3.707564354 -0.999649286 0.018902294 -0.018556833 114.359680176
-0.019312978 0.017942604 0.999652505 23.690086365 0.016222492 0.999712944 -0.017630277 -3.740658760 -0.999681890 0.015876360 -0.019598603 114.360069275
-0.019649982 0.012732520 0.999725938 24.557403564 0.015275144 0.999806046 -0.012433304 -3.772183418 -0.999690294 0.015026643 -0.019840598 114.354957581
-0.020513415 0.007464766 0.999761760 25.417541504 0.010864866 0.999914765 -0.007242981 -3.797101974 -0.999730587 0.010713699 -0.020592690 114.361434937
-0.019605398 0.005837618 0.999790728 26.275131226 0.008387589 0.999948740 -0.005674065 -3.829711199 -0.999772608 0.008274592 -0.019653320 114.344520569
-0.018669367 0.012749266 0.999744415 27.124900818 0.011666268 0.999853432 -0.012532800 -3.856388330 -0.999757648 0.011429307 -0.018815279 114.335319519
-0.017902613 0.023749435 0.999557734 27.973419189 0.013599140 0.999631166 -0.023507616 -3.886169195 -0.999747336 0.013172277 -0.018218994 114.333114624
-0.017215014 0.028725987 0.999439180 28.819335938 0.015403782 0.999476194 -0.028461732 -3.914659977 -0.999733269 0.014905177 -0.017648458 114.323417664
-0.016353965 0.023323139 0.999594212 29.655761719 0.016678838 0.999595165 -0.023050286 -3.947884083 -0.999727190 0.016295105 -0.016736388 114.314453125
-0.015453100 0.015637115 0.999758363 30.513473511 0.019829929 0.999685824 -0.015329474 -3.982290268 -0.999683976 0.019588247 -0.015758395 114.306587219
-0.014389873 0.012231166 0.999821723 31.360885620 0.021270799 0.999702632 -0.011923572 -4.016280174 -0.999670267 0.021095425 -0.014645696 114.295974731
-0.015085578 0.012977855 0.999802113 32.183120728 0.020247171 0.999714732 -0.012671226 -4.046197891 -0.999681354 0.020052012 -0.015344024 114.287139893
-0.016050696 0.013828335 0.999775648 33.012763977 0.017119544 0.999761581 -0.013553302 -4.075212479 -0.999724686 0.016898163 -0.016283631 114.285942078
-0.018588185 0.014428033 0.999723196 33.846000671 0.015590498 0.999778509 -0.014138953 -4.100108624 -0.999705732 0.015323365 -0.018808961 114.292724609
-0.020808935 0.013959698 0.999686003 34.673423767 0.013679909 0.999812901 -0.013676715 -4.136062145 -0.999689877 0.013391013 -0.020995975 114.276153564
-0.023355722 0.014330178 0.999624610 35.497734070 0.012040776 0.999828756 -0.014051779 -4.164562702 -0.999654830 0.011708067 -0.023524284 114.274734497
-0.025239468 0.014793078 0.999572098 36.314208984 0.010437950 0.999839902 -0.014533483 -4.191358566 -0.999627054 0.010066667 -0.025389791 114.264770508
-0.027065396 0.013970449 0.999536097 37.136726379 0.008972452 0.999865472 -0.013732098 -4.219055653 -0.999593437 0.008596625 -0.027187109 114.248039246
-0.028853655 0.012851769 0.999501228 37.942634583 0.009299524 0.999877512 -0.012588152 -4.246287346 -0.999540567 0.008931671 -0.028969646 114.232597351
-0.030778170 0.012396312 0.999449551 38.731697083 0.008639217 0.999889016 -0.012135722 -4.282355309 -0.999489069 0.008260949 -0.030881763 114.211265564
-0.032987952 0.013838268 0.999360085 39.539970398 0.009077839 0.999867022 -0.013545640 -4.302415848 -0.999414682 0.008625188 -0.033109188 114.195938110
-0.033981323 0.014130518 0.999322653 40.334770203 0.009652289 0.999858022 -0.013809871 -4.328133583 -0.999375939 0.009176474 -0.034112811 114.178802490
-0.034914374 0.012921726 0.999306798 41.120620728 0.011109857 0.999859631 -0.012540713 -4.357371330 -0.999328613 0.010664306 -0.035053015 114.153869629
-0.036577225 0.012421419 0.999253690 41.906608582 0.011681876 0.999859750 -0.012001345 -4.382671356 -0.999262631 0.011234182 -0.036717176 114.137710571
-0.038610935 0.012006281 0.999182165 42.693756104 0.010110127 0.999881327 -0.011624001 -4.409233570 -0.999203146 0.009653045 -0.038727760 114.120330811
-0.039883137 0.010928216 0.999144614 43.460784912 0.008504924 0.999907672 -0.010597069 -4.434753418 -0.999168158 0.008075004 -0.039972425 114.104530334
-0.041040421 0.009825663 0.999109268 44.207817078 0.007215585 0.999928474 -0.009537327 -4.458817482 -0.999131560 0.006817743 -0.041108370 114.089744568
-0.042055488 0.009589594 0.999069393 44.930122375 0.007154068 0.999931216 -0.009296720 -4.487335682 -0.999089777 0.006756432 -0.042121172 114.071731567
-0.042056203 0.012031888 0.999042809 45.652587891 0.007340066 0.999904215 -0.011733271 -4.511739254 -0.999088287 0.006839584 -0.042140484 114.040046692
-0.041873693 0.014811100 0.999013245 46.365097046 0.007563578 0.999866188 -0.014506721 -4.537786007 -0.999094427 0.006948667 -0.041980147 114.017959595
-0.042412519 0.016554711 0.998963118 47.074737549 0.005342147 0.999852180 -0.016342638 -4.561805725 -0.999086022 0.004643477 -0.042494774 114.002792358
-0.042482853 0.017310858 0.998947263 47.787406921 0.005845481 0.999837101 -0.017077684 -4.589526176 -0.999080122 0.005113818 -0.042577147 113.977043152
-0.042448044 0.017013909 0.998953879 48.493499756 0.007189922 0.999834299 -0.016723389 -4.616594791 -0.999072850 0.006472524 -0.042563438 113.952392578
-0.043229342 0.016393371 0.998930752 49.192092896 0.007529331 0.999842346 -0.016082497 -4.645294189 -0.999036908 0.006826045 -0.043345928 113.928344727
-0.043589473 0.016559895 0.998912334 49.882469177 0.003816615 0.999858081 -0.016409030 -4.669975281 -0.999042332 0.003097204 -0.043646455 113.911148071
-0.043407440 0.016749432 0.998917043 50.570953369 0.001993645 0.999858916 -0.016678592 -4.697793961 -0.999055445 0.001267511 -0.043434739 113.892532349
-0.043558717 0.015292805 0.998933792 51.268203735 0.003051661 0.999880195 -0.015174225 -4.725285530 -0.999046147 0.002387439 -0.043600082 113.873329163
-0.044650435 0.014712660 0.998894393 51.963951111 0.003211402 0.999888480 -0.014583753 -4.749489784 -0.998997569 0.002556679 -0.044692755 113.852035522
-0.048274994 0.014418612 0.998730063 52.651466370 0.000359918 0.999895990 -0.014418049 -4.772842407 -0.998834074 -0.000336568 -0.048275113 113.835723877
-0.053102851 0.013826641 0.998493314 53.331497192 -0.003597720 0.999894977 -0.014037388 -4.799532413 -0.998582602 -0.004337725 -0.053047538 113.807922363
-0.059136629 0.017666491 0.998093605 53.994956970 0.000382097 0.999843717 -0.017674830 -4.823437691 -0.998249888 -0.000663860 -0.059134126 113.762054443
-0.065708876 0.020571351 0.997626841 54.673355103 0.002814486 0.999787331 -0.020430524 -4.844328880 -0.997834921 0.001465341 -0.065752745 113.719497681
-0.073113561 0.022139329 0.997078001 55.361999512 0.001754663 0.999754906 -0.022070106 -4.871595383 -0.997322202 0.000135915 -0.073134542 113.679405212
-0.079434276 0.022074031 0.996595800 56.067184448 -0.001625880 0.999750614 -0.022273503 -4.888135433 -0.996838868 -0.003389622 -0.079378486 113.639068604
-0.084841371 0.020139899 0.996190965 56.764282227 -0.002142949 0.999789715 -0.020395160 -4.925010681 -0.996392190 -0.003865137 -0.084780335 113.585449219
-0.089428306 0.020511784 0.995782077 57.432426453 -0.005017763 0.999765933 -0.021044478 -4.952705860 -0.995980680 -0.006878569 -0.089304447 113.518310547
-0.093390942 0.020331584 0.995422065 58.143264771 -0.006915986 0.999754131 -0.021068931 -4.971027374 -0.995605648 -0.008851970 -0.093227386 113.465652466
-0.096194863 0.017227221 0.995213509 58.861198425 -0.006574383 0.999817431 -0.017942378 -4.995096684 -0.995340884 -0.008268875 -0.096063972 113.404579163
-0.097539544 0.014009395 0.995133162 59.589172363 -0.004706116 0.999883235 -0.014537545 -5.022556782 -0.995220602 -0.006101197 -0.097462177 113.336608887
-0.099228621 0.011176226 0.995001912 60.319183350 -0.004864474 0.999919534 -0.011716583 -5.049709320 -0.995052755 -0.006002781 -0.099166274 113.275634766
-0.102762222 0.010817585 0.994647324 61.050743103 -0.005590934 0.999918759 -0.011452545 -5.072165489 -0.994690418 -0.006737893 -0.102693439 113.202377319
-0.102542043 0.014255614 0.994626582 61.790901184 -0.003922452 0.999883711 -0.014735354 -5.095837116 -0.994720995 -0.005412369 -0.102474213 113.128135681
-0.102748990 0.018166902 0.994541526 62.532379150 0.001850079 0.999834955 -0.018072460 -5.119806290 -0.994705737 -0.000016945 -0.102765679 113.051986694
-0.103386164 0.022604439 0.994384587 63.294303894 0.008862381 0.999722958 -0.021804376 -5.151258945 -0.994601965 0.006558347 -0.103557825 112.974288940
-0.106042981 0.024143046 0.994068563 64.052970886 0.010378695 0.999677598 -0.023172123 -5.173125744 -0.994307518 0.007859896 -0.106259346 112.887664795
-0.106563091 0.021772962 0.994067609 64.817466736 0.008217161 0.999745369 -0.021016451 -5.202317238 -0.994272053 0.005928834 -0.106714964 112.821334839
-0.106443644 0.016732121 0.994177997 65.584197998 0.008649161 0.999836147 -0.015901309 -5.231995106 -0.994281173 0.006906212 -0.106570959 112.747360229
-0.107338548 0.015080477 0.994108140 66.349052429 0.011341085 0.999838471 -0.013942854 -5.260003567 -0.994157851 0.009777660 -0.107492208 112.660186768
-0.108395576 0.014563891 0.994001269 67.112388611 0.011063042 0.999848425 -0.013443143 -5.288039207 -0.994046390 0.009539500 -0.108540297 112.588653564
-0.110135555 0.015460362 0.993796289 67.862159729 0.009871398 0.999846697 -0.014460508 -5.314104080 -0.993867576 0.008217543 -0.110271215 112.515777588
-0.112596750 0.016189698 0.993508875 68.616531372 0.009230328 0.999841154 -0.015246792 -5.341534615 -0.993597925 0.007453674 -0.112728357 112.436721802
-0.114549994 0.016333366 0.993283272 69.369743347 0.010595052 0.999828041 -0.015219118 -5.368831635 -0.993361056 0.008780537 -0.114703298 112.355873108
-0.116740227 0.016603963 0.993023694 70.129661560 0.010641021 0.999823749 -0.015466702 -5.393045425 -0.993105531 0.008761198 -0.116896391 112.275939941
-0.118757844 0.016269548 0.992790043 70.887695312 0.010089410 0.999833882 -0.015178084 -5.419124603 -0.992872119 0.008214150 -0.118902206 112.193397522
-0.120425105 0.016664200 0.992582619 71.651710510 0.008130216 0.999842107 -0.015799681 -5.444579601 -0.992689192 0.006167233 -0.120541573 112.112792969
-0.121734142 0.018002801 0.992399454 72.426193237 0.007574026 0.999823213 -0.017208394 -5.473038673 -0.992533863 0.005421612 -0.121848941 112.030746460
-0.122510314 0.018504614 0.992294729 73.197799683 0.006655394 0.999818981 -0.017823244 -5.495884418 -0.992444932 0.004420581 -0.122611284 111.944679260
-0.123654723 0.018931812 0.992144704 73.979278564 0.006574551 0.999811709 -0.018258700 -5.520011902 -0.992303491 0.004265130 -0.123755932 111.857025146
-0.125096798 0.017400177 0.991991878 74.770271301 0.006839995 0.999837577 -0.016675225 -5.545034409 -0.992120922 0.004699202 -0.125195503 111.772430420
-0.126072049 0.014980234 0.991908014 75.566673279 0.004898212 0.999883175 -0.014478114 -5.571368694 -0.992008984 0.003033291 -0.126130700 111.684425354
-0.127896428 0.012829152 0.991704524 76.359695435 0.001096194 0.999917567 -0.012794027 -5.597798347 -0.991786897 -0.000549210 -0.127900004 111.596633911
-0.129918218 0.012416318 0.991447031 77.167503357 0.003055834 0.999921858 -0.012122020 -5.619592190 -0.991520047 0.001454827 -0.129945993 111.499519348
-0.131558180 0.012900306 0.991224587 77.982223511 0.003781315 0.999914587 -0.012511536 -5.648087502 -0.991301298 0.002102138 -0.131595731 111.400032043
-0.134170175 0.014266685 0.990855634 78.795730591 0.002801452 0.999897838 -0.014017538 -5.666534424 -0.990954340 0.000895099 -0.134196520 111.307601929
-0.135422945 0.017422656 0.990634680 79.605178833 0.004165508 0.999846578 -0.017015228 -5.704932213 -0.990779161 0.001822245 -0.135474801 111.191146851
-0.135768175 0.021552276 0.990506113 80.432189941 0.006548309 0.999761045 -0.020856077 -5.728184700 -0.990718901 0.003654548 -0.135876894 111.084678650
-0.137217879 0.025239810 0.990219533 81.257110596 0.007023488 0.999674976 -0.024507560 -5.762492657 -0.990516245 0.003591923 -0.137350559 110.981750488
-0.136944771 0.026288565 0.990229845 82.098571777 0.009222238 0.999638319 -0.025262944 -5.795127869 -0.990535796 0.005672509 -0.137137651 110.876052856
-0.135896325 0.025702916 0.990389585 82.949630737 0.013003342 0.999623597 -0.024158306 -5.826886177 -0.990637720 0.009595349 -0.136179328 110.746063232
-0.135594010 0.023949889 0.990474939 83.804138184 0.013709048 0.999657452 -0.022295183 -5.859462738 -0.990669608 0.010555375 -0.135875821 110.637413025
-0.135264754 0.022465756 0.990554869 84.662879944 0.012549450 0.999701560 -0.020959523 -5.889726162 -0.990730107 0.009595835 -0.135506272 110.534660339
-0.133874536 0.020082032 0.990794837 85.526451111 0.011312448 0.999760509 -0.018735236 -5.926926613 -0.990933776 0.008700144 -0.134069681 110.437736511
-0.132056355 0.016643921 0.991102517 86.395858765 0.012379020 0.999808729 -0.015140725 -5.959441662 -0.991164923 0.010269448 -0.132237077 110.324531555
-0.130643725 0.013341255 0.991339684 87.264328003 0.012829702 0.999848485 -0.011765005 -5.987432480 -0.991346478 0.011181570 -0.130795002 110.222175598
-0.129149914 0.013321061 0.991535783 88.130294800 0.011241434 0.999865174 -0.011968743 -6.015848160 -0.991561532 0.009600522 -0.129282355 110.123695374
-0.127588749 0.017223539 0.991677582 89.014205933 0.012408537 0.999798656 -0.015768111 -6.050636768 -0.991749525 0.010293434 -0.127776742 110.016159058
-0.125671506 0.023450369 0.991794884 89.883605957 0.013362458 0.999669909 -0.021943402 -6.079657078 -0.991982102 0.010495160 -0.125943422 109.918212891
-0.124383330 0.026987242 0.991867185 90.754241943 0.010813300 0.999607563 -0.025841825 -6.107300758 -0.992175341 0.007511067 -0.124626279 109.819358826
-0.122939587 0.024557000 0.992110312 91.630432129 0.009947935 0.999674082 -0.023511501 -6.139503479 -0.992364347 0.006978953 -0.123143911 109.724517822
